28 04 2021 11 00
0216 553 87 60
13 12 2019
23 05 2017
01 03 2016
08 06 2011 78
15 12 2014
2013 107889
02 06 1999 29
11 05 2020
15 06 2000 12
5 333
20 12 2012
553 470 00
19 12 2019 11 20
2011 125203
06 08 2010 95
23 07 2020
17 7 2020
0 212 857 80 01
11 08 2021
11 06 2010 85
25 10 2001 43
7823
2 9 2019
02 01 2017 1
09 06 1999 37
8 4 2010
08 06 2012 79
28 06 2016
2021 180247
0 534 066 53 54
03 11 2011 142
2 5 2011
09 01 2009 11
392 5971
19 10 2018
9 4 2021 16 47 00
2014 7730
06 09 2006 57
2012 17849
26 12 2018
9 9 2013
11 02 2014 10 00
07 05 2008 154
30 6 2014
2009
26 6 2012
16 02 1998 12
7 970
21 01 2020
3 2
216 572 15 84
12 11 2015
17 10 2019
22 7 2010
4 8 2012
06 02 2018
24 02 2021
11 12 2015
6 10
3 30
7 12 2017
15 11 2018 13 30
05 08 2012
19 10 1999 48
03 02 2010 11
24 02 1997 15
9 2 2015
4 3 3 2
23 12 2018
16 10 2015
09 07 2008 205
08 06 2012 68
21 12 2010
2018 155428
11 2 2010
10 03 2021
2018 607398
4 4 2013
11 06 2021
2014 26526
2 3 2016
2018 538311
07 03 2008 30
2020 729
20 6 2010
2010 538523
29 7 2012
8 10 2015
0507 063 05 64
2019 423
9 2 2014
1 12 2017
25 10 2017
26 12 1997 70
10 2 2012
20 11 2010
07 03 2012 23
2016 194
12 3016
2005
2014 159961
4441984
1309 1891 92
31 10 2012 14 00
07 10 2009 84
3 374 42
23 10 2013 10 00
5 5 2017
12 06 2019 53 59
04 01 2016 1
0216 492 15 32
2 585 61
2012 7174
06 09 2006 61
2010 532991
08 06 2012 72
7 000
21 9 2021
19 5 2010
30 7 2020
2014 13812
27 3 2013
7 11 2017
339
26 12 2016
0 212 871 15 31
3 5 2019
423 4990
06 09 2006 55
7 8 2021
04 06 2008 183
2012 173780
588 550 00
2019 06 27
2011 192428
14 10 2019
26 02 2020
07 06 2004 15
2016 2627
09 11 2012 138
11 02 1998 4
14 1 2018
15 6 2015
05 12 2012 178
10 04 2008 115
25 10 2018
26 5 2021
1 9 2021
19 860
28 1 2015
9 7 2019
08 02 2008 22
06 04 2007 41
96
15 12 2020 11 00
1966
09 06 2010 69
11 03 2011 29
07 02 2007 19
6 20
2018 365015
906 00 44 163
07 12 2011 157
973 500 00
03 06 2013 11 00
10 05 2012 10 00
09 03 2005 05 06 2007
2010 568342
138
1961
33
2021 139734
07 10 2011 132
3 707 09
14 9 2009
3 10 2016
05 04 2006 37
9 022 320 00
09 07 2008 203
09 12 2020 78 90
24 02 1997 6
27 5 2021
06 05 2005 34
21 12 2020
0536 365 01 52
2012 170817
1948
05 11 2008 257
2012 141031
02 09 2019 70
2014 28764
2018 124937
25 7 2019
8 2 2021
05 04 2018
06 06 2012 53
0542 748 56 26
06 07 2007 83
3 8 2019
2165809999 2165809910
90 216 382 74 62
16 5 2019 11 17 00
18 06 2002 33
12 06 2019
02 10 2021
2012 130593
09 05 2008 175
16 9 2013
02 06 1999 27
02 05 2017
04 12 2014
26 5 2021 15 27 00
1 8 2018
23 4 2019
25 26 27 28 29 30 31
12 5 2016
21 02 2000 8
09 01 2009 10
30 12 2017
2017 65640
05 06 2013 14 00
2012 12970
4 9 2021
09 12 2011 159
2018 205632
07 12 2009 100
07 05 2010 60
11 02 1998 3
07 06 2004 13
2165705000 263 2165777713
22 03 2020
5 9 2018
24 3 2020
25 4 2013
21 01 2013 10 00
11 06 2015
02 12 2013 152
08 10 2020 68 69
0532 360 96 51
0216 391 46 24
16 5 2019
3 8 2021
0532 241 80 66
10 07 2008 219
2019 604930
06 09 2013 126
2019 42411
22 6 2015
25 05 2018
24 4 2014
3 10
06 08 2010 93
15 10 2012 10 00
27 10 2010
9 9 2019
444 0 340
11 1 2021 12 40 00
31 01 2020
09 03 2020
467 19 00 1701
11 5 2021
482 41 16
10 05 2010
18 8 2016
2014 65292
24 10 2019 13 33 00
11 11 2005 69
05 12 2012 207
1970 17 6
13 11
03 11 2011 153
12 9 2018 16 55 00
04 01 2012 3
02 04 2012
2015 21985
26741111744
13 10 1997 46
27 05 2016
09 07 2020 44
28 10 2011
26 5 2021 15 28 00
15 3 2016
23 04 2021
15 11 2016
2016 266354
17 10 2018 14 17 00
30 7 2018
90 216 531 30 00 1501
2018 371893
31
10 07 2020
23 4 2010
2012 162997
05 01 2011 5
2011 195711
6 6 2017
11 15
19 1 2017
2018 603965
26 9 2021
04 10 2006 73
15 5 2018 13 16 00
06 10 2010 109
10 8 2009
00 00 09 46
2 5 2020
05 04 2006 27
09 07 2008 204
10 11 2009
07 05 2014 31 63
16 02 2017
04 12 2018
07 03 2008 34
27 03 2021
2011 112524
03 02 2010 9
8 5 2021
28 3 2019
472
10 01 2007 4
06 09 2021 10 00
27 4 2010
12 12 2019
06 04 2005 21
1 2 5
1955
23 1 2020
10 02 2012 14
08 10 2008 236
03 08 2011 96
31 5 2017
28 3 2011
5 9 2020
2013 147888
29 6 2018
350
1 939 20
2016 55757
2014 123733
08 06 2012 78
16 604 10
20 08 2021
21 12 2017
11 02 2011 15
18 4 2019 15 04 00
2021 999
14 7 2020
29 3 2018
13 10 2010
8 7 2013
05 12 2012 156
22 5 2015
9 6 2021
23 5 2012
1937
07 03 2008 33
11 09 2009 75
29 04 2017
28 04 2021
9 7 2011
15 11 2018
0 212 883 27 73
04 07 2005 0
6 1 2010
8 3 2014
11 04 2008 128
02 04 2007 35
23 9 2019
1 10 2019
2008
15 7 2015
18 00 18 30
17 07 2006
13 9 2019 16 21 00
05 12 2012 159
12 05 2018
18 11 2018
08 03 2020
09 06 2018
22 11 2019
27 6 2020
12 12 2018
2012 35047
2013 135507
22 7 2021
26 03 2012 10 00
29 07 2013 10 30
05 12 2012 157
05 09 2007 89
30 6 2010
10 2 2021
22 4 2017
2 11 2020
395 9895
2017 689825
2019 627972
3 35
18 1 2018
20 11 2017
25 11 2011
23 9 2021
30 10 2003 43
10 10 2008 241
02 11 2000 37
42 3136
09 04 2008 90
09 04 2008 67
01 07 2020
3 53
02 01 2020
1 4 2016
2 6
15 04 2018
3 2 2017
28 11 2010
5 890
24 06 2020
22 5 2021
23 09 2021
22 5 2019
03 04 2013 44
18 02 2018
25 3 2018
11 02 2019
17 8 2012
9 12 2020
08 04 2008 53
07 04 2008 36
04 07 2007 71
11 01 2020
10 5 2018
1968
30 11 2019
11 8 2020
03 05 2019
04 09 2013 110
2021 2020 2019 2018 2017 2016 2015 2014 2013
08 10 2010 113
2021 259588
09 05 2013 11 00
7 4 2010
14 7 2010
29 3 2010
18 10 2002 46
2019 83132
839
4 12 2010
27 05 2019
03 09 2008 226
05 01 2009 1
24 02 1997 14
21 4 2019
2019 757
7 11 2018
2014 122992
9 6 2020
06 11 2009 98
90 216 382 12 34
6 5 2014
25 11 2016
09 30
0 216 393 59 25
14 00
09 11 2012 134
8 12 2015
14 1 2010
16 02 2001 9
09 03 1998 17
10 12 2014 11 30
3 10 2019
2013 194785
8 5 2010
08 05 2009 38
19 5 2011
2014 37809
90 216 531 30 00 1801
26 06 2000 24
10 12 2010 137
15 6 2019
2017 111425
10 12 2020
2018 95634
30 05 2012
0212 312 65 34
2017 238
25 1 2019
137
90 216 531 31 34
25 5 2010
2012 143912
5 10 2012
969 61
09 01 2009 12
90 216 382 50 07
2011 189861
04 07 2007 79
08 03 2006 26
563
25 9 2020
19 10 1999 50
25 3 2010
26 8 2021
18 12 2018
0216 326 66 66
30 5 2018
2019 630178
11 2 2021 15 07 00
90 216 632 49 00
90 216 531 30 73
23 05 2019
08 04 2008 57
16 03 2021
12 21
43 20
1956
0 212 470 34 40 0212 470 34 50
41
2011 154043
2018 36450
22 11 2020
2165705000 1736 2165809991
2016 138041
2018 50895
09 03 2011 24
09 00
07 10 2009 85
09 03 2007 32
06 04 2009 26
03 05 1999 12
30 01 2011
30 12 2014
14 07 2020 11 10
16 01 2014 2520
2012 21615
07 10 2017
13 02 2020
28 10 2019
30 6 2011
2010 537667
16
10 05 2013 63
23 12 2010
2012 90462
18 9 2010
30 04 2021
07 09 2012 10 00
2021 135204
13 595
21 5 2019
25 03 2020
19 7 2017
1 1 2010
90 216 382 62 10
22 4 2019
17 05 2021 12 00
28
3 12 2015
26 07 2021
24 5 2019
81
26 1 2020
24 10 2016
01 02 2016
2019 585290
19 5 2019
01 06 2005 48
05 04 2006 29
2018 420777
9 11 2015
03 02 2016 11 17
2021 190121
30 04 2018
21 05 2012 10 00
05 06 2013 68
1 2 3
11 2 2019
15 06 1998 15
30 9 2013
16 06 1999 36
3 00
27 03 2012
5 6 2020
28 9 2016
10 45
2014 170221
4 1 2019
2013 185947
6009
20 2 2019
05 12 2012 155
8 1 2013
24 8 2012
2030
09 05 2008 172
10 04 2008 108
05 12 2012 186
18 8 2021
4 9 2015
05 10 2007 100
30 01 2019
10 06 2013 11 30
72
19 11 2013
17 4 2015
26 10 1998 49
04 04 2007 37
208
09 07 2013 10 00
2018 88180
31 05 2019
2019 32348
11 12 13 14 15 16 17
28 06 2021 11 00
17 11 2016
3 10 2012
16 2 2017
08 06 2007 62
06 11 1998 58
2 7 2010
27 09 2013 10 30
29 01 2014
1942
03 05 2006 47
06 04 2012 41
1 6 2021
26 05 1999 20
3 16
446 6424
08 03 2006 23
7 12 2015
13 08 2013
8 3 2013
15 6041
04 03 2020
13 5 2016
2019 67107
05 04 2010
09 12 2009 104
14 2 2011
19 10 2017
5 11 2012
04 06 2018
130
26 10 1998 69
10 6 2021
246 610 08
27 10 2019
2 2 2011
07 12 2012 215
08 04 2008 60
19 09 2019
09 06 2006 52
14 1 2019
17 10 2020
21 2 2021
07 05 2008 139
31 8 2020
2012 40335
11 11 2005 75
2013 141742
5 12 2016
2012 133392
05 11 2008 252
15 6 2011
8 6 2018
1911
0537 767 40 16
18 06 2020
3 6 2014
25 04 2016 11 30
3 11
0 216 674 17 49
17 02 2021
13 12 2013
17 1 2019 14 29 00
19 03 2013
144
15 04 2020
05 08 2011 102
25 10 2001 46
27 10 1997 47
10 1 2018
19 7 2010
26 06 1998 37
12
17 1 2013
08 02 2012 11
20 830
05 12 2008 264
15 1 2020
9 12 2017
07 06 2016
7 8 2020
11 03 2005 19
17 08 2018 10 00
2015 2017 1
09 02 2007 28
12 01 2019
2014 117873
2012 133951
10 05 2013 61
90 216 351 84 37
22 04 2021
11 3 2021
22 1 2013
15 5 2018
05 12 2012 190
132 00
135 780
05 03 2008 26
16 9 2021
09 10 2013 133
24 01 2020
3 12 2018
24 9 2017
06 05 2005 35
06 08 2012
16 06 2004 28
18 08 2011
9 2 2011
27 4 2018
25 5 2012
21 16
04 04 2016 36 39
31 05 2021
07 02 2007 14
08 05 2020
28 04 2021 10 00
0 212 880 46 60
4 5 2019
185
19 03 2014 10 00
10 03 2006 24
3 11 2016
26 12 2020
1 4 2010
0 212 861 4283
10 00
18 7 2017
09 09 2011 115
23 10 2017
16 7 2021
27 3124
2 870
29 01 2021
11 10 2012 10 00
2012 31476
04 08 2010 91
20 3 2017
13 380 00
29 3 2017
17 2 2020
18 1 2019
12 05 2021
4 3 2013
7 6 2010
14 8 2021
12 12 2018 14 30
3 9 2013
90 216 443 56 00 1300
17 10 2016
21 12 2018
05 10 2020
06 06 2003 18
21 10 2020
31 12 2013
04 11 2015 136 141
09 04 2004 5
2015 20596
13 12 2020
24 12 2016
1952
444 0 906
22 7 2017
5 4 2013
28 03 2018 11 00
1874
23 04 2020
21
23 01 2013 14 00
16 08 2018 11 30
02 07 2013 81
04 05 2021
36 465 00
136
08 04 2008 54
10 7 2019
16 12 2011
1925
30 11 2018
08 06 2011 77
2012 178163
05 12 2012 164
18 06 2019
28 4 2017
09 04 2008 64
17 08 2020
0 212 882 43 92
15 12 2018
26 06 1998 42
08 06 2012 71
17 3 2021
22 06 2016
15 3 2019
05 2015
19 04 2019
07 01 2011 6
2012 82652
10 02 2012 13
24 12 2020
13 8 2012
05 09 2008 232
2015 165334
2017 270225
13 1 2016
22 12 2015
19 6 2021
05 07 2021 11 00
28 02 1997 21
20 03 2017
30 11 2017
07 05 2021 10 30
7 11 2014
7 10 2020
5 10 2016
14 02 2018 11 00
19 08 2011
25 3 2013
2018 53562
30 3 2017
283 368 29
90 216 381 41 51
6 4 2021 14 39 00
27 8 2015
11 03 2005 18
18 4 2021
2017 322802
03 08 2011 93
30 11 2016
1038 1628 29
44
8 8 2012
30 1 2015
2011 189248
1 1 2021
07 05 2008 157
25 4 2019
2 1 2011
2018 561007
18 4 2011
12 00
04 08 2010 88
28 04 2017
08 06 2011 88
17 8 2011
09 04 2010 38
24 9 2009
10 04 2008 111
14 06 2013 10 00
1978
06 04 2009 24
2017 552964
05 12 2012 202
01 08 2013 11 00
09 04 2008 72
27 5 2016
22 3 2020
0 212 567 94 50 52
03 06 2005 44
11 3 2020 15 40 00
2016 149400
05 10 2021
19 10 1999 43
08 10 2010 111
06 09 2013 131
07 01 2005 7
25 10 1996 96
17 12 2020
2021 10 08 14 30 00
2 12 2010
5 3 2016
7 10 2009
02 07 2012 10 00
01 09 2021 11 30
19 9 2021
21 1 2019
2014 19856
05 09 2012 109
26 11 2017
16 03 2018 15 30
24 10 2019 13 34 00
21 7 2015
19 06 2003 7
4 8 2009
18 04 2013
21 12 2009
17 05 2017
4 770 51
4 2
06 06 2003 15
12 02 2020
6 12 2018
10 12 2009 110
06 07 2017
79
05 09 2012 101
13 05 2020
08 11 2017
19 4 2021
07 04 2011 43
06 03 2018 10 00
14 7 2019
16 09 2021
14 06 2001 35
3 7 2021
2019 202886
2017 330445
04 09 2019 71 75
14 3 2013
535 00 36
2014 163565
7462
8 2 2020
3 5 2020
05 11 2019
2 4 2021
14 07 2021
16 08 2018 10 00
09 09 2009 73
06 05 2019 38
16 07 2019
06 01 2012 7
07 06 2006 49
06 09 2013 127
06 06 2012 60
0212 646 3281
2018 631859
1067 1656 57
19 8 2021
03 11 2011 150
29 9 2014
475 975 00
11 8 2012
01 11 1997 53
15 07 2011
24 04 2020
10 07 2009 65
03 12 2008 263
26 5 2012
14 6 2021
07 02 2007 16
25 5 2011
17 2 2021
09 02 2011 12
26 9 2013
17 7 2014
11 470
0555 451 2421
09 05 2008 170
20 3 2014
18 04 2016
7 9 2012
28 09 2020
0212 966 02 02
07 09 2011 106
17 00
12 02 2004 1
1992
10 03 2006 21
2018 162510
2018 635402
25 08 2021 11 00
31 1 2018
9 4 2021
26 3123
24 360 00
30 10 1997 57
0 00
07 03 2007 31
676 474 62
2016 141241
28 9 2015
06 01 2012 5
308 322 00
2018 505505
19 03 2020 11 00
28 05 2021
22 9 2019
26 12 1997 69
774600 119508150
21 6 2013
18 11 2016
21 3 2017
28 05 2018 11 30
26 06 1998 40
06 09 2013 120
1 616 01
03 11 2011 140
22 04 2016
19 9 2020
15 7
24 1 2017
28 01 2021
9 3 2019
07 02 2007 10
11 01 2021
17 1 2011
4 665
02 04 2017
16 07 2010
70 80
28 879 20
15 00
11 1 2019
2021 456685
22 6 2010
14 10 2017
25 10 2002 48
21 8 2021
1 11 2011
538 35 01
19 06 1998 36
01 03 2019 15 00
21 8 2020
3 200
10 12 2012 10 00
12 8 2015
25 1 2010
19 06 1998 38
03 10 2007 97
07 05 2008 158
18 2 2018
19 06 2013 11 00
4 3 4 2
20 6 2018 16 15 00
02 07 2013 87
10 12 2017
04 09 2013 115
02 11 2020
5 5 2021
2015 105591
25 4 2012
26 12 1997 65
2012 118267
90 216 531 30 00 2601
90 216 381 40 10
10 02 1999 3
09 04 2004 3
17 05 2018
26 10 1998 48
15 07 2020
03 08 2012
08 04 2008 55
15 8 2019
08 06 2011 86
1963
12 07 2020
14 44
22 9 2017
04 08 2010 89
05 06 2009 43
20 3 2012
20 05 2019
9 8 2012
1929
2015 58418
00 00 00 00
2018 05 10
2012 179351
08 04 2008 47
11 01 2012 11 33 00
715
31 08 2021
28 02 2020
05 04 2012
8 11 2018
15 06 2020
90 216 382 61 70
24 07 1997 40
51 3146
746
14 11 2018
21 05 2014
1 1 6
09 08 2019
09 01 2008 5
2010 579166
90 216 531 30 00 1101
2013 134790
06 02 2013 15
4 11 2018
10 9 2013
08 07 2009 44
07 12 2005 86
1 3
2020 784
18 10 2007
24 1 2021
09 02 2007 29
05 09 2012 105
12 05 2019
13
31 12 2010
09 06 2010 66
10 01 2020
0532 394 50 10
20 10 2004 50
7 11 2020
02 06 1999 28
10 04 2012
1 2 3 4 5
05 12 2012 151
2014 64080
6 9 2019
0212 440 09 15
06 05 2005 32
12 9 2013
4 23
6 3 2021
22 12 2010
23 11 2012
9 4 2010
30 7 2019
18 2 2021
09 06 2006 40
22 4 2015
04 06 2012
9 12 2015
0212 871 31 15
24 06 2016
160
5 9 2021
06 08 2017
13 10 2019
216 520 24 32
16 8 2020
3 3 2020
31 5 2011
23 11 2012 10 00
07 04 2011 49
90 216 351 88 38
26 7 2016
17 07 2013 10 00
0212 508 2305
2012 2011 2010
07 10 2009 81
07 06 2002 22
2015 45314
08 04 2008 52
23 12 2020
25 6 2019 10 51 00
0 087719299
06 06 2012 58
31 10 2012 10 00
26 7 2013
09 04 2021 11 00
2018 845
30 07 2020
31 08 1998 45
08 05 2013 54
8 2 2018
03 11 2011 141
07 01 2008 1
27 12 2019
17 08 2018 15 00
20 07 2016
09 07 2008 213
25 1 2016
2165705000 2165809910
05 12 2012 201
0212 438 3081
20 12 2020
24 12 2015
05 12 2012 199
14 1 2021
1339 1920 21
11 9 2011
04 03 2009 19
06 07 2005 47
09 04 2008 92
18 06 2004 31
19 3 2010
30 08 2019
28 9 2021
05 12 2007 115
06 09 2006 65
18 06 2013
07 01 2020
29 10 2018
2015 178029
20 12 2019
2 6 2012
1946
2 12 2011
18 30
02 10 2018 11 30
30 5 2013
19 02 2003 10
28 03 2020
27 8 2009
03 03 2010 18
2011 188957
11 06 2018
55
05 10 2012 119
2016 201126
05 01 2011 3
0212 414 97 00
23 04 2016
2011 190660
2014 151158
29 10 2010
3 2 2021
05 10 2005 71
9 12 2019
14 02 2019 11 30
14 5 2020
01 11 1997 34
06 12 2013 165
7 9 2021
0532 410 79 55
02 03 2016
06 09 2013 119
09 03 1998 16
90 216 381 19 52
0 216 577 10 51 0 216 574 41 95
27 3 2018
2019 12497
08 06 2011 82
29 10 2016
05 05 2017 38 46
11 880
22 4 2011
30 10 2018
05 03 2008 25
24 4 2020
861 87
16 05 2016
13 6 2019
10 3 2016
24 5 2020
22 7 2011
2012 195411
14 1 2014
18 4 2013
06 10 2010 107
2016 421765
1962
27 7 2021
07 02 2020
13 9 2019
03 12 2014 136 146
10 3 2010
08 12 2010 130
1998
12 03 2012 00 00 00
30 8 2021
19 10 2000 30
0 037974684
05 09 2012 104
09 05 2008 168
11 139 00
27 9 2018
26 05 2020
10 03 2020
14 255
12 42
2 908 83
21 04 2008
14 04 2015 14 00
3 07
10 07 2009 63
15 08 2012
22 1 2010
07 04 2011 47
1258 1842
08 02 2013 21
2011 103036
02 01 2006 3
27 1 2021
2014 167646
16 1 2018
2018 670609
26 08 2021
0541 966 02 02
09 11 2012 132
14 3 2020
35 3131
28 11 2018 10 30 28 11 2018 13 30
2012 44058
16 04 2019
07 09 2011 109
22 10 2013
4 11 2019
19 06 2019
15 10 2011
7 3 2012
2021 09 21 14 30 00
18 06 2016
3 9 2011
1976
2 4 2017
50 3144
2019 288832
17 2 2011
22 05 2021
1940
15 11 2018 16 11 00
2010 551196
12 10 2015
20 10 2004 47
26
05 05 2021
07 09 2020
08 11 2002 49
04 12 2019 101 106
15 5 2018 13 13 00
25 09 2013
16 3 2020
08 12 2010 127
2 12 2013
90 216 381 19 19
45 46 47 48 49
17 10 2014 131 132
05 12 2012 204
0212 682 04 08
2022
0533 037 36 71
10 04 2008 97
3 4
7 10 2011
0532 454 5259
05 12 2007 114
07 08 2012
07 12 2011 155
19 10 2020 10 05 00
12 2 2020 15 31 00
10 01
02 11 2000 32
07 09 2007 95
90 216 382 67 56
03 12 2015
17 9 2020
26 3 2014
27 10 1997 48
27 9 2017
10 11 2019
11 06 2010 78
15 12 2011
2015 160164
07 03 2014 10 00
187
2018 151964
2019 605327
16 30
10 04 2021
15 11 2013 10 00
15 12 2016
2018 610700
08 05 2013 56
5 2 2014
216 590 01 03
9 3 2012
18 7 2019
05 09 2012 102
15 7 2019
28 2 2019
2012 54182
09 02 2007 20
25 5 2018
08 04 2008 51
20 12 2017
28 5 2013
10 1 2021
07 12 2018
410
26 10 1999 51
2012 10479
16 06 2017 17 07 2017
900 00
27 12 2010
02 08 2021
09 12 2011 163
19 10 1999 49
29 4 2011
03 10 2019
8 1 2014
14 00 16 00
6 7 2011
16 02 1998 10
09 07 2012 10 00
18 3 2016
22 1 2014
439 1245
18 06 1997 32
27 10 2015
0212 562 75 11
4 3 5
02 11 1998 56
10 2 2011
1056 1646
21 06 2021
90 216 351 85 83 87
15 02 2002 3
24 04 2018
111283
05 09 2012 98
0536 353 62 59
16 11 2015
21 11 2020
17 06 2020
13 09 2021
9 4 2019
26 11 2016
06 03 2013 29
17 11 2018
09 11 2012 135
0537 320 80 98
11 06 2004 27
16 12 2020 10 58 00
0212 508 2306
19 06 2003 6
10 02 2006 19
09 06 2021
08 11 2019
12 4 2016
07 04 1999 9
2014 145063
04 11 2009 94
6013
11 01 2008 8
241 00
11 2 2020
1 11 2018
2019 576675
08 02 2013 23
23 03 2020
11 07 2012 10 00
07 02 2003 3
232856
400 00
14 03 2014 10 00
13 6 2018
19 9 2019
4 1 1 1
1 779 56
2019 604775
05 11 2019 11 00
05 05 2016
10 04 2008 107
08 06 2011 85
19 01 2019
25 06 1998 39
1 1 3 3
13 03 2018
15 12 2010
2018 2017 2016
10 06 2017
09 08 2021
27 9 2013
26 3 2020
11 6 2010
08 02 2012 12
23 3120
01 03 2017
209
23 9 2016
16 06 2019
0 216 313 72 17
563 17 17
04 10 2019
12 08 2013 10 00
8283
0212 411 08 07
24 07 2020
28 9 2011
22
04 02 2021
10 06 2018
02 08 2012 10 00
2010 549110
27 06 2018 10 00
1981
2017 350184
27 1 2012
16 1 2012
08 10 2008 238
467 19 00 1305
22 2 2016
1989
08 06 2007 64
24 03 2020
09 01 2013 1
08 06 2007 60
13 03 2020
08 12 2006 80
20 11 2020
18 7 2016
10 02 2012 16
2012 149777
20 7 2016
05 10 2005 73
90 216 328 01 07
22 9 2021
06 04 2009 27
19 06 2015
1 1 3
600 00
02 05 2019
25 9 2013
595 471 33
2014 113415
13 07 2021
11 02 2005 13
24 10 2018
17 5 2018
30 6 2016
08 06 2015
08 06 2012 64
06 11 2012 10 00
12 9 2018
03 06 2005 38
3 2 2010
26 12 2012
01 11 1997 59
2015 52913
28 9 2020
90 216 382 50 10
4 6 2018
04 09 2019
22 10 2012 14 00
24 04 2012 10 00
14 02 2018 14 00
27 4 2019
17 10 2012
15 09 2011
08 11 2013 145
05 09 2008 233
25 10 1995 95
02 02 2020
2010 550165
31 5 2021
18 19 20 21 22 23 24
90 216 382 62 28
03 07 2013 102
0212 573 89 76
53
8 11 2017
04 04 2012 10 00
08 03 2013 40
2 58
06 06 2005 52
05 12 2012 195
538 67
04 06 1996
1 10 2021
06 01 2006 7
7 1 2018
32 33 34 35
7 09
23 01 2020
0537 248 3233
08 03 2013 38
4 5 2010
2013 93405
31 5 2019
7 29
20 30
18 05 2012 10 00
0212 411 08 05
391 00
09 11 2012 133
8 13
04 04 2005 0
2027
09 07 2008 200
03 01 2020
07 11 2012 127
2 10 2019
06 11 2019
02164466220
23 5 2021
429 448 50
16 06 2020
04 05 2005 0
10 05 2018
03 06 1998 31
17 11 2009
21 9 2020 13 32 00
11 01 2013 8
19 30
223 00
05 12 2012 192
09 07 2008 212
11 00
17 2 2015
28 10 2016
06 06 2016
24
17 1 2021
646 40
6 19
16 06 2021 11 00
08 11 2018
90 216 381 12 88
07 06 2004 16
90 216 381 43 57
17 04 2012 10 00
18 09 2012 14 00
0544 546 70 42
07 03 2008 32
1 10 2009
0532 467 99 34
17 09 2021
444 4 360 8030
19 3 2015
15 3 2021 10 41 00
17 6 2011
18 5 2021
28 5 2021
0543 853 37 37
26 03 2021 11 00
90 216 381 13 11
29 3 2020
05 11 2012 10 00
4 1 1 2
0532 746 52 52
17 03 2008
2016 18231
440
21 05 2017
4 2 2
18 02 2000 46
34 3130
470 050 00
2013 41101
0 212 467 19 00 1035
18 12 2009
0532 059 75 37
65 801 19
28 42
9 3014
21 8 2015
09 05 2021
0 212 221 73 15
06 08 2010 98
22 12 2019
03 01 2005 1
19 10 2012 11 00
3 3 2021
07 06 2017 48 54
8 11 2009
05 03 2008 27
3 7 2019
16 10 2020
19 12 2019
1 2 2021
04 09 2013 114
14 06 2021
15 06 2019 23 00
03 07 2013 99
2026
17 10 2008 249
28 2 2011
30 1 2021
09 01 2008 6
17 10 2018 14 18 00
962 640 00
1 12 2018
620 000 00
10 05 2013 60
06 12 2012 11 00
2014 110108
04 07 2007 74
04 09 2013 108
09 01 2009 13
11 05 2012 46
2015 162363
1 2 2016
386899 512568000
25 4 2016
00 00 03 29
04 11 2014
90 216 443 56 00 1103
08 05 2012 10 00
10 05 2013 62
8 6 2020
27 05 2021
02 07 2013 80
2015 144295
9 12 2016
1 8 2019
9 7 2021 14 07 00
07 04 2014 20 26
16 57
06 02 2020 11 10
18 3 2013
5 6 2012
21 11 2018 13 30
13 12 2018 16 48 00
2014 110127
19 7 2012
09 09 2020 45 56
01 07 2011
11 04 2008 137
30 10 2019
2014 32467
10 4 2010
25 8 2010
31 8 2018
06 02 2008 10
2014 27910
2013 182185
30 06 2020 11 00
28 7 2009
21 6 2021
404
10 6 2010
0 216 526 55 79
1 1 3 1
08 02 2012 8
26 5 2021 15 23 00
3374
8 1 2019
07 05 2008 164
10 04 2008 105
1974
08 07 2014 2640
09 04 2008 74
28 5 2020
20 08 2020
1 2 2019
09 04 2008 70
20 9 2019
09 04 2008 83
12 03 2021
7 8 2011
25 01 2016
2015 57035
2015 25603
2016 417807
10 07 2008 222
2 10 2017
9
5 7 2021
2018 540763
9 7 2021 14 06 00
2020 939
2016 19887
2014 78155
6 4 2011
05 10 2007 101
6 5 2016
15 6 2016
9 11 2016
20 06 2020
7 1 2019
8 10 2014
20 11 2015
12 9 2018 16 53 00
11 10 2004 42
14 02 2012
08 06 2011 73
04 01 2012 2
5 12 2013
15 11 2018 10 30
4 4 2021
06 04 2005 17
47 3141
2019 15335
14 15
25 05 2017
11 05 2018
8 5 2017
304 1525
2018 361784
2000 17 780
4 5 2016
112
07 05 2008 151
10 12 2018
07 11 2012 125
9 9 2009
2017 568976
09 01 2020
0212 629 5301
90 216 351 99 07
04 06 2008 185
06 05 2011 68
1999
2015 50165
2013 2014
06 06 2012 51
30 04 2019
02 04 01 2018 1 16
05 12 2012 177
494 54
08 03 2013 35
30 7 2012
11 10 2013 15 00
07 05 2003 13
09 04 2004 8
2019 43601
04 05 2015 14 00
16 04 2021
08 06 2012 67
05 12 2012 172
31 10 2016
19 8 2019
21 11 2018 10 30
04 11 2018
12 8 2009
1924
27 11 2006
25 10 2013
07 01 2009 3
2014 125023
10 12 2010 143
17 9 2018
2013 109897
08 02 2013 24
05 01 2009 2
500 00
30 03 2021
08 02 2006 17
8 7 2010
3 36
10 10 2019
90 216 443 56 00 1760
2012 75434
03 10 2007 96
153
2014 139687
21 12 2015
28 4 2015
24 11 2014 14 00
05 04 2021
7 4 2014
03 11 2011 148
08 10 2008 239
25 08 2011
0 532 326 18 34
6 4 2021
09 04 2008 86
04 11 2003 61
5 2 0 3 23 30 7 6
22 4 2020
12 09 2012 10 00
29 10 2020
17 8 2017
09 07 2008 210
11 10 2013 138
07 04 2016 45
2016 679
87 88 89 90
5 709 555 00
7 2 2021
1963 1978
04 05 2016 46 50
10 8 2016
2012 176797
29 08 2013
90 216 382 50 06
10 5 2021
31 03 2018
30 3 2021
06 07 2005 41
24 11 2009
05 06 2017 47
24 11 2010
13 7 2017
26 07 2021 11 00
2164440906 2076 2165814778
13 06 2002 34
1 6 2017
05 05 2006 42
1994
1862
2011 89368
4 3 2011
09 12 2015 142 155
3 22
6 5 2020
8 3 2012
2019 135458
11 06 2001 23
05 02 2010 14
6 11 2020
11 12 2012 14 00
08 05 2013 55
1 2 2013
2165705000 2166870767
05 08 2011 97
06 05 2011 64
2018
01 02 2021
29 11 2017
05 10 2005 72
90 216 335 32 76
3 4 2013
14 5 2016
27 5 2017
2165705000 1263 2165777713
12 01 2020
17 08 2021
03 09 2008 224
08 08 2012 88
1 261 66
0 5
22 9 2010
2 667 39
168 518 02
11 05 2007 52
0 216 521 73 60
2013 128421
18 03 2015 11 00
05 09 2012 111
11 2 2011
09 09 2020
27 10 1997 50
01 10 2015
23 7 2018
14 4 2011
13 9 2019 16 22 00
07 03 2012
2018 119266
20 10 1997 45
04 11 1998 63
2010 547239
331
08 04 2008 58
05 06 2009 42
15 11 2018 16 10 00
06 03 2018
9 12 2013
2017 96392
05 12 2012 210
26 01 2021 11 00
29 12 2014
01 05 2020
2010 570753
25 01 2020
21 9 2019
13 5 2010
90 546 966 02 02
04 01 2006 4
4 10
90 216 382 50 30
21 2 2018
88
2165705000 2165809915
15 2 2016
24 5 2010
6 7 2021
4 11 2020
18 1 2011
8 6 2010
4 10 2017
19 6 2016
06 10 2006 72
18 8 2012
24 1 2012
7 57
17 6 2021 11 58 00
2019 368854
45 3139
23 3 2015
05 04 2006 36
08 04 2008 38
25 11 2018
26 06 2016
28 4 2016
6029
2245
16 12 2019
7 8 2009
2019 96442
42
11 1 2017
0212 414 96 48
07 11 2018
10 4 2020
04 11 1998 76
07 06 2002 25
90 216 381 13 08
21 1 2011
2013 43822
90 216 443 56 00 1399
24 06 2021
30 09 2016
03 02 1997 7
06 05 2005 27
03 2015
06 06 1997 28
2014 23877
07 12 2018 11 30 07 12 2018 14 30
17 5 2021
09 04 2008 77
18 8 2020
28 03 2021
444 4 360 8930
07 04 2010 31
7 9 2017
0 212 859 02 28
25 05 2016
4 10 2013
09 02 2012
13 07 2019
11 8 2019
8 10 2009
04 11 2003 59
2012 175810
04 04 2011 33
28 10 2013
05 05 2019
3 41
2013 4356
13 5 2014
2015 30672
13 4 2017
05 10 2011 125
2013 48206
04 11 1998 72
14 05 2019
2014 58185
08 08 2012 82
3 5 2013
02 11 2000 35
14 2
2014 133540
29 1 2014
20 8 2021
11 11 2005 77
06 06 2007 54
2019 487752
2 9 2021
07 04
13 1 2021 10 47 00
2013 75920
17 30 19 00
17 6 2021
650
386 989 439 01
1 6 2011
10 05 2019
06 04 2020
2012 4807
3 45
212 495 3440
07 05 2008 159
14 09 2018 10 00
06 04 2005 0
09 09 2011 116
12 5 2010
10 07 2008 223
0532 632 41 11
05 12 2012 148
2019 277
06 06 2008 191
20 8 2020
19 06 1998 21
26 10 1999 52
05 05 2006
07 05 2010 59
07 04 2010 32
05 12 2012 173
12 04 2021
00 00 04 37
11 5 2015
22 1 2011
08 04 2018
07 09 2011 113
5
12 12 2019 14 34 00
2015 156188
10 07 2012
10 04 2008 120
06 06 2005 49
26 01 2018
21 12 2016
09 07 2021
26 07 2012
06 08 2019
16 02 2019
27 4 2021
22 3 2011
0 212 467 19 00 1135 1107 1104
05 05 2010 50
2 2 2018
09 12 2005 88
20 11 2012 10 00
08 10 2015 129 135
31 1 2017
23 5 2019
10 3 2020
01 12 2017
05 06 2000 18
8 280 00
132
10 03 2014
02 03 2021
1927 11 691
07 04 2011 51
2015 147375
18 9 2013
2013 129338
19 08 2012
30 03 2019
533 430 32 10
13 2 2019 16 47 00
09 04 2008 89
27 11 2012 10 00
2018 543947
1 4 2017
2011 185102
3 4 2021
06 11 2009 97
27 08 2021
2 10 2020
05 11 2014 133 135
25 11 2020
11 01 2013 9
2014 154047
25 04 2012 10 00
401 10
17 05 2020
27 02 2012 10 00
27 6 2021
15 03 2012
2018 292823
22 10 2009
08 06 2011 84
21 02 2000 7
43 3137
03 10 2018 97 100
24 04 2019 3848
2019 415
06 12 2013 162
6 8 2021
8 10 2017
15 9 2020
2020 43
23 11 2018
20 1 2017
16 6 2019
04 02 2015 11 12
4 9 2020
08 11 2013 146
13 3 2014
03 03 2010 19
08 06 2007 66
1993
11 03 2011 28
08 10 2016
07 11 2012 122
19 3 2014
2018 622001
09 09 2018
0216 495 70 00
12 04 2019 30 37
15 06 2006
115
8 4 2019
28 8 2015
05 01 2011 4
0212 508 23 06
2013 7983
13 02 2019
23 10 2019
7 2 2017
120
06 11 2009 96
0 532 414 56 23
22 03 2018 11 30
10 02 2006 22
08 06 2007 67
2012 99638
11 8 2016
2014 32432
15 9 2010
18 06 2002 30
108
27 10 2018
15 30
22 4 2014
45 508 32
19 15
291 30
90 216 443 56 00 1721
2017 593677
3 31
23 09 2020
18 10 2011
8 180
06 07 2020 23 24
07 06 2005 53
15 9 2012
06 06 2003 17
14 10 2019 11 35 00
25 6 2010
19 5 2020
90 216 443 56 00 1251
08 02 2013 22
18 10 2019
11 09 2020
29 8 2016
9 6 2011
26 6 2014
06 02 2008 14
03 06 2005 0
3 28
11 01 2012
3 43
467 19 00 1511
4 8 2021
05 05 2006 41
2010 538755
15 05 2005
2018 82916
08 06 2011 72
1 10 2015
14 11 2018 10 30
03 08 2011 95
2021 140193
9 2 2012
15 06 2000 11
20 5 2011
22 6 2021
24 05 2004 11
2014 113386
2012 172127
12 1 2017
3 58
25 3 2011
00 00
10 1 2020
05 10 2012 118
05 12 2007 112
11 06 2010 75
28 10 2020
25 10 2002 12
05 11 2008 256
2019 426419
04 02 2016
2011 45534
27 12 2013 10 30
01 06 2018
27 06 2019
04 09 2013 104
25 1 2020
2021 459516
08 07 2009 46
19 10 2020 10 02 00
430 06
2015 61557
06 05 2015 29 60
05 10 2017
08 06 2011 70
4 11 2011
6 5 2013
90 216 351 83 83
0 212 622 03 99
13 05 2018
02 04 2018 37 38
21 05 2015 14 00
03 07 2017 55
4440906 2802 2165814778
1933
04 03 2021
08 04 2014
07 01 2009 5
5 8 2019
15 02 2002 1
07 06 2011 05 08 2011
12 4 2019
4 10 2018
04 11 2019
7 4 2020
18 11 2014 14 00
3 3 2010
52
25 5 2021
8 7 2011
07 11 2012 10 00
06 02 2008 9
3 6 2019
3 512 85
11 10 2013 134
11 376 00
8 12 2019
2016 114602
3 9 2020
16 1 2015
16 6 2020
90 216 443 56 00 1617
2013 18917
90 216 531 30 00 1301
20 06 2002 21
13 07 2007
26 12 1997 62
12 01 2007 8
23 223 24
15 2 2013
16 01 2017 14 21
2020 60
26 10 1999 53
19 9 2013
2012 10585
16 9 2010
28 08 1999 41
1 4 2011
03 03 2020
07 12 2018 11 30
16 11 2005 76
90 216 382 38 00
26 12 1997 64
22 12 2003 48
29 7 2013
11 05 2007 50
08 07 2013
188 00
4 1 2 2
26 27 28 29 30 31
12 10 2021
20 01 2021
5 9 2016
28 2 2017
90 216 443 56 00 1276
09 04 2004 9
03 01 2003
07 09 2017
2 10 2012
2019 595435
2015 6635
7 10 2013
3 24
11 03 2011 26
06 06 2007 56
15 2 2019
29 6 2015
19 3 2021
22 2 2011
27 08 2013
28 02 2019
2018 32312
30 8 2012
207
2 2
5 10 2020
08 02 2012 10
28 7 2017
14 10 2003 53
05 02 2001 2
446 6535
0216 532 68 12
16 7 2011
09 04 2017
27 4 2015
09 07 2008 207
26 8 2011
06 06 2005 50
16 03 2017
05 11 2010 122
0 212 864 10 74
01 09 2020
9 8 2021
90 216 531 30 00 1601
19 3 2017
2 3 2020
06 05 2011 67
216 455 60 44
05 06 2021
08 03 2017 23 29
2013 47518
28 3 2020
2018 649953
2 11 2019
2018 496087
90 216 531 30 00 3501
4 12 2013
2018 77778
15 4 2013
1 3 2018
21 5 2014
20 8 2019
6 8 2012
04 11 1998 55
2021 137821
23 1 2011
15 11 2012 10 00
8 5 2019
25 10 2001 38
24 11 2014
10 04 2008 117
07 06 2013 72
2016 268818
27 7 2012
9 8 2019
2011 189247
8 3 2021
446 000 00
27 8 2019
896
17 7 2011
2015 111920
11 10 2013
6 385
8 3 2017
04 05 2005 29
06 10 2010 105
0 212 863 38 81
1997
70
09 05 2012
2018 361466
10 04 2008 121
09 04 2008 66
11 3 2010
00 00 05 03
24 05 2004 12
31 12 2019
09 04 2010 42
23 8 2019
05 11 2010 125
4 10 2019
28 05 2020
2016 267291
18 10 2017
26 6 2019
11 4 2011
03 10 2005 0
05 09 2005 9
05 03 2021
8 10 2019
5 617 267 15
17 09 2012 10 00
2019 25840
07 12 2007 116
08 05 2009 36
07 09 2011 107
13 10 2016
22 3 2010
2014 111824
1953
271 442 323 48
08 06 2011 71
0 212 467 19 00
0 212 424 59 65
2020 525
3366
2015 21498
10 02 2006 13
2 5 2019
13 1 2021 10 44 00
27 10 1997 56
27 10 2003 41
26 10 2010
13 10 2014 10 00
65 690 500 00
2013 152204
13 06 2002 36
1 12 2015
08 06 2019
13 11 2011
2021 998
09 07 2014 80 106
10 1 2013
13 8 2021
11 10 2013 10 00
501 380 00
10 04 2008 100
24 2 2018
14 5 2021
26 1 2019
09 11 2012 136
10 07 2008 215
11
06 09 2013 124
26 12 1997 66
26 1 2015
17 05 2016
04 11 2003 60
7 4 2021
21 3 2013
08 04 2008 48
4 2 3
29 5 2012
17 7 2018
28 7 2012
09 07 2008 208
19 02 2021
07 03 2018 24 36
467 19 00 1101
07 10 2011 129
2012 151117
1013
15 1 2015
04 12 2017 85
6 3 2018
5 3 0 2 28 33 5 9
1 10 2013
23 11 2015
2012 78012
03 09 2021 11 00
09 04 2010 37
38 3133
18 02 2000 2
19 06 2003 20
06 03 2012 10 00
29 12 2011
27 8 2021
03 12 2007 111
17 7 2021
10 11 2015
11 06 2010 83
10 09 2021
09 05 2012 44
30 31
08 07 2009 53
07 06 2021
08 07 2013 11 00
1 3 2019
28 3 2021
2011 73697
18 7 2011
06 06 2007 57
23 03 2018
10 11 2018
15 02 2002
4 5 6 7 8 9 10
25 2 2016
27 4 2016
2019 704
2012 76902
16 02 2001 8
08 07 2009 57
06 04 2011 41
07 10 2005 10
237
12 5 2020
24 07 1997 41
27 12 2020
28 11 2018 10 30
24 6 2021
03 08 2011 91
7 9 2018
1949
06 01 2021 2 9
18 02 2000 6
10 12 2010 135
14 12 2010
2014 30371
7 7 2020
18 12 2018 13 30
14 57
8 3 2018
05 06 2000 14
30 6 2021
5 8 2010
483
22 10 2017
11 4 2013
212 696 0176
7 072 000 00
14 06 2018
90 216 443 56 00 1114
30 7 2011
07 01 2018
11 1 2016
07 06 2001 31
07 11 2012 131
9 2 2018
2019 416
04 12 2013 153
01 10 2018 94 96
2012 46711
20 03 2020
12 07 2008
467 19 00 1414
2019 556117
8 8 2020
06 01 2006 10
15 08 2021
22 10 1998 66
03 08 2011 90
07 02 2007 13
11 04 2008 134
16 06 2003 24
2165705000 2166870775
10 12 2010 133
22 04 2020
21 09 2020
12 10 2017
16 30 17 30
2017 255291
2 35
05 12 2012 189
08 10 2010 110
632 06
2013 118902
10 4 2015
2014 175375
06 04 2011 37
17 07 2018
0 216 632 15 30
25 4 2014
31 7 2017
3 11 2019
06 06 2012 55
2015 173875
90 216 443 56 00 1461
04 12 2013
29 09 2016
03 04 2012 10 00
11 4 2017
2016 354056
8 9 2021
30 8 2018
39
18 09 2019
09 01 2019 4 18
03 02 2012 15 49 00
3 5 2017
12 9 2010
19 6 2017
27 9 2011
15 5 2015
2018 211303
30 4 2013
21 08 2021
19 09 2021
14 4 2017
14 9 2011
0216 570 50 55
19 28
07 05 2008 142
16 1 2020
80
04 01 2006 5
90 216 443 56 00 1441
5 6
2012 52601
06 12 2013 159
2013 135891
5 4 2017
05 12 2011 154
20
22 12 2003 63
2015 46975
09 30 18 00
16 6 2021
11 7 2015
08 12 2010 128
9 1 2019
20 7 2020
29 10 2019
13 1 2014
10 6 2018
7 3012
14 1 2020 14 11 00
05 03 2010 23
13 01 2014 10 00
09 03 2011 20
04 11 2011
2018 517182
07 11 2005 11
27 6 2019
3 3 2016
28 03 2000 10
31 3 2010
03 06 2015
21 03 2010
20 09 2021
2013 53704
01 06 2011
2018 267336
12 9 2021
02 07 2021
11 06 2004 18
18 11 2005 11
26 06 1998 26
08 09 2006
06 06 2007 58
21 5 2016
23 04 2019
28 11 2018
22 11 2017
1 6 2018
17 8 2021
3 6 2015
23 2 2020
13 00
0212 543 73 28
0 216 531 30 00 2221
06 01 2018
436140 512568000
09 06 2021 39 45
21 08 2020
14 9 2020
26 1 2017
2021 369784
0 216 423 63 71
12 07 2010
19 12 2012 10 00
19 12 2013
36 45
03 12 2020 11 00
22 10 2004 45
03 11 2011 137
19 11 2018
6 4 2018
17 07 2020
15 760 50
4440411
15 03 1999
16 06 1997 35
12 8 2020
28 02 1997 2
21 01 2021
3 3
28 01 2014 2528
03 07 2013 94
12 6 2010
01 08 2014 10 00
02 06 2008 177
7 1 2013
15 11 2018 10 30 15 11 2018 13 30
09 12 2009 106
07 09 2005 9
26 30
1 2 6
18 9 2020
2014 81312
13 11 2018 11 30
12 04 2019
05 08 2011 100
29 10 2009
07 04 2006 31
07 05 2008 138
2020 145
09 06 2010 67
09 10 2009 88
06 07 2007 81
06 07 2005 57
509
22 09 2011
19 5 2015
20 10 2003 44
29 4 2020
8 10 2016
17 8 2018
25 11 2013
26 4 2021
2011 83585
2012 140191
90 216 531 30 00 3601
2021 222512
2018 115145
1975
6 12 2020
2021 222399
3 7
1061
16 03 2020
293 00
16 5 2019 11 20 00
2023
14 7 2020 17 02 00
2013 59427
10 02 2006 14
03 12 2012 10 00
379 200 00
111
03 05 2006 46
06 01 2012 6
15 7 2020
2014 166893
18 02 2000 1
17 06 2019
2011 192402
28 1 2014
25 7 2020
6 10 2015
07 10 2011 130
06 09 2021
13 9 2021 16 36 00
03 06 1998 32
29 08 2020
05 09 2012 100
0 216 5425000
0 212 966 02 02
18 02 1998 6
14 1 2020 14 10 00
20 2 2020
2012 140193
2012 138389
2016 402681
821
19 03 1999 11
20 10 2004 48
08 07 2005 59
09 04 2008 87
09 04 2021 10 30
08 12 2015
90 216 531 30 00 2501
03 11 2011 149
0536 969 02 53
13 7 2018
14 11 2012
2017 53
26 01 2021 11 10
15 10 2020
19 06 2003 32
15 8 2021
26 5 2021 15 29 00
5 2 2021
1 2
26 10 2016
21 2 2011
22 10 2004 53
26 11 2019
2021 15
155
03 11 2019
90 216 351 84 15
14 7 2020 17 06 00
8 9 2016
23 06 2015
27 10 2003 55
11 04 2008 131
3 7 2015
2012 176956
0 212 884 05 17
22 09 2019
3 04
20 6 2021
23 7 2011
08 01 2007 2
04 07 2007 73
26 05 1999 24
29 8 2021
07 03 2012 20
23 4 2020
3 10 2013
06 04 2011 39
21 4 2012
21 9 2020 13 30 00
31 12 2020
199
08 06 2012 65
7 9 2020
31 05 2016
18 4 2019 15 05 00
07 11 2012 123
07 01 2020 11 10
11 02 2020 11 00
17 12 2012
06 01 2021
2015 155110
0212 628 7003
20 08 2019
2018 51601
17 06 1998 20
2018 528553
03 07 2013 101
07 10 2021 11 00
7 9 2015
7 038 551 34
03 01 2012 10 00
2014 150974
15 3 2021 10 44 00
450 000 000 00
6 7 8
8 12 2016
20 1 2021
21 4 2015
04 08 2011
2019 701433
90 216 382 60 36
28 05 2012 10 00
20 1 2014
28 1 2020
03 01 2014 10 00
05 10 2016 86 91
22 07 1997 38
2018 421629
02 07 2013 84
18 10 2020
07 02 2007 12
08 05 2009 37
30 03 2012
13 4 2021
93
10 04 2008 95
28 4 2021
3 11 2014
13 7 2020
18 3 2017
90 216 531 30 00 1901
19 05 2012
21 8 2011
07 07 2021 46 53
08 08 2012 87
0216 328 35 39
6 2 2021
05 03 2010 26
654
02 07 2013 79
17 06 2013 10 00
5 6 2015
2012 85742
23 11 2017
29 5 2015
29 3 2021
1980
08 07 2009 47
12 3 2021
27 04 2015
2019 38850
2011 191241
19 03 2020
3 13
177
22 5 2012
18 09 2013 10 00
08 02 2008 19
30 12 2020
16 01 2020
14 2 2017
2012 57863
5 4 2021
11 04 2020
8 7 2021
117
1 1 4
2015 31751
07 04 2011 52
6 7 2010
0535 950 62 71
05 05 2010 43
06 08 2010 99
2021 306310
150
444 55 22
25 10 2001 49
27 3 2017
2 6 2018
14 01 2014 10 00
06 01 2020
13 9 2021
23 6 2011
15 12 2020 11 10
06 11 2013 142
2012 158390
2012 81658
07 05 2008 143
4 1 2 1
24 04 2018 11 30
1 2 8
2019 705
10 00 19 00
10 02 2012 15
26 9 2018
6 8 2013
1 177 000 00
10 04 2008 125
06 12 2006 83
02 12 2020
6 3 2010
08 04 2008 39
19 41
10 02 2012 17
25 3122
71
90 216 381 40 30
44 44 360
15 5 2014
03 03 2010 20
22 12 2016
07 09 2016 66 85
05 06 2020
20 05 2016
13 12 2018
27 7 2020
2011 154045
05 12 2012 197
538 60 41
13 9 2019 16 23 00
08 11 2013 144
1 1 3 2
5999
2018 75217
1 2 4
2012 80078
09 03 2011 18
9 6 2018
4 3 2021
12 07 2012
11 10 2017
59
07 10 2011 128
02 01 2012 1
09 02 2007 27
05 04 2013 50
14 12 2016
1 2 2020
01 12 2010
10 10 2016
09 09 2005 68
8 7 2019
2012 29229
2021 358086
31 3 2018
7 10 2016
02 06 2021
24 09 2021
4 2 2021
1991
24 8 2020
467 19 00 1529
26 12 1997 67
0 216 466 08 47
1932
24 03 2021
04 06 2008 180
2018 367373
19 10 2010
90 216 531 30 00 2301
18 8 2015
4 10 2016
29 09 2020 11 20
06 06 2008 187
11 06 2010 76
02 07 2013 85
22 04 2015 14 00
05 05 2010 53
51
90 216 687 07 82
2017 522824
01 10 2017
28 8 2019
27 08 2015
1039 1629
9 6 2016
2018 538028
24 11 1999 55
0212 411 08 82
09 04 2008 81
2016 210515
6 12 2019
10 05 2013 59
28 03 2012 10 00
23 6 2019
2016 87587
103
11 03 2011 30
28 6 2019
14 5 2015
1 2 2010
09 05 2007 43
1909
07 09 2005 61
29 12 2010
02 07 2016
0532 394 94 58
2 9 2020
90 216 351 84 81
28 11 2019
22 06 2021 10 30
04 06 2018 60
04 11 1998 71
6 3 2019
03 06 1998 29
14 08 2011
12 4 2021
16 7 2019
10 7 2017
11 07
08 11 2002 47
20 3 2021
05 12 2012 183
10 07 2008 217
2019 628235
20 4 2018
1
15 3 2021 10 40 00
21 06 2004 40
28 3 2017
18 12 2017
22 01 2019
15 01 2018
04 07 2007 75
04 03 2019
8736
84 85 86
1 11 2017
2024
10 4 2018
29 205 00
4 2 2016
118 060 00
8 9 2018
0212 611 85 62
14 30
2019 49459
02 12 2011
21 12 2019
09 06 2010 68
50
5 8 2011
2014 29415
08 30 17 00
2021 368509
28 1 2021
2014 138776
89 90
1 3010
31 32
08 04 2008 40
27 3 2021
23 166 75
11 34
27 12 2012
2019 687825
192 00
2015 31207
27 7 2017
05 12 2012 198
06 03 2021
140 00
30 03 2018 10 00
07 01 2005 0
05 12 2012 160
09 12 2011 161
6 6 2014
08 08 2012 81
6 4 2019
08 01 2007 1
65
17 11 2017
02 07 2013 88
11 9 2020
06 10 2017 79 80
03 05 2018
10 12 2009 107
2011 119571
08 06 2011 81
30 4 2018
16 12 2020 10 59 00
02 05 2021
2017 164423
11 01 2013 10
2012 175297
24 09 2012
6 8 2011
26 11 2018
10 10 2018
30 8 2009
35
13 30
02 06 2020
09 11 2017
10 04 2008 98
20 04 2015
21 2 2019
06 01 2005 9
13 59
08 06 2012 69
26 6 2020
15 8 2017
18 45
4 5 2020
17 10 2017
08 05 2009 34
07 05 2008 155
28 7 2020
24 03 2019
20 03 2012 10 00
467 19 00 1969
73
7 150 000 00
03 07 2019 61 69
17 300
22 10 2010
04 01 2019
52 3147
31 7 2020
21 09 2021
12 8 2012
2019 421
04 10 2006 66
03 11 2011 145
467 19 00 1409
18 10 2002 51
12 12 2018 11 30
3 12 2014
2012 198941
05 10 2015 127 128
06 09 2013 121
06 05 2021 10 00
26 5 2018
12 6 2020
4 12 2017
114
10 07 2008 221
2018 239613
11 4 2019
01 04 2017
2021 254190
10 04 2008 116
3 962 24
11 6 2013
06 02 2020 11 00
11 03 2005 0
210
3 3 2014
25 06 2013 11 00
01
12 9 2011
30 12 2014 14 00
2015 175261
05 05 2010 52
11 3 2016
18 4 2019 15 02 00
2012 38322
06 09 2021 10 30
06 03 2009 22
8 4 2018
05 12 2016 98
25 06 2021
07 04 2011 48
14 7 2021
10 11 2010
13 8 2013
14 3 2014
06 07 2005 42
8 8 2017
24 4 2018
06 10 2010 106
08 08 2012 85
13 09 2017 59 74
15 8 2018
1934
20 5 2015
02 07 2020
774600 1195081500
4
2016 761
10 07 2008 220
15 06 1998 27
21 04 2021
2016 110689
3 8 2009
14 11 2013
06 03 2013 27
10 01 2007 3
06 02 2011
1959
02 09 2016
17 1 2020
467 19 00 1636
29 09 1998 50
11 07 2017
18 4 2019
8 8 2016
03 06 2005 45
2017 597305
1985
09 02 2007 23
5 3010
07 06 2018
2019 32705
28 11 2020
07 12 2005 12
4 01
06 05 2005 33
08 03 2013 39
05 12 2012 163
04 04 2012
15 3 2013
13 08 2011
14 12 2018
11 07 2014
19 9 2009
07 05 2008 141
0535 966 73 94
6 350
0216 5313000 1035
97
1868
18 3 2015
5 11 2020
6 11 2017
29 2 2020
0532 368 27 09
2 10 2009
18 2 2019
9 10 2017
07 04 2011 46
2019 50537
17 3 2020
16 06 1999 34
03 04 2021
26 08 2011
19 10 2016
09 05 2012 43
22 04 2008
3 39
29 9 2020
23 6 2020
2014 150962
06 08 2010 92
90 216 531 30 00 1051
14 11 2013 10 00
0543 872 58 39
06 06 2008 192
3 5 2021
90 216 351 82 63
30 5 2017
16 06 2003 30
0 542 731 76 76
22 11 2012
11 2 2013
14 8 2011
11 02 2020 11 10
11 06 2010 79
90 216 381 51 81
25 05 2018 10 00
10 09 2012 10 00
1930
1971
28 01 2015
06 04 2009 25
1 12 2019
08 12 2014 14 00
23 09 2011 22 12 2011
2018 188765
88 89 90
05 02 2010 13
07 04 2010 36
09 07 2008 202
28 5 2019
08 11 2002 45
10 5 2019
22 08 2014
07 02 2018 17 23
4440906 2165814778
29 07 2021 11 00
16 08 2012 10 00
09 09 2005 65
30 10 2003 22
2014 97269
26 03 2015 11 00
20 8 2010
2012 141118
0532 436 21 68
6 230
13 03 2012
2014 153209
14 02 2014
04 06 2008 178
25 12 2018
19 2 2021
9 1 2020
18 01 2017
10 04 2008 102
03 12 2008 261
09 05 2018 50 59
04 09 2013 111
2165705000 2166870777
8 5 2015
12 9 2018 16 54 00
07 02 2005 12
18 00 19 00
11 02 2005 14
90 216 382 18 88
06 06 2008 186
77
290
30 4 2021
04 05 2005 22
12 9 2017
05 09 2008 231
1869
10 8 2021
8 1 2020 14 11 00
12 11 2012 10 00
14 11 2020
1 3 2010
26 12 2017
08 04 2008 41
16 3 2011
2011 62924
25 7 2018
13 02 2021
276 000 00
00 00 01 49
04 04 2007 39
14 12 2019
2013 94154
1 11 2016
467 19 00 1608
23 7 2010
10 4 2017
08 07 2009 50
90 216 351 84 24
08 11 2013 149
04 10 2017 75 78
20 10 2017
13 11 2019 11 29 00
5 12 2019
19 10 2011
07 02 2019 11 30
08 02 2021
26 10 1998 68
10 7 2020
25 05 2012 2109
05 02 2010 15
21 2 2020
4 10 2021
48 3142
06 01 2006 8
28 6 2012
04 11 1998 64
08 04 2005 24
28 05 2003
23 09 2017
30 3 2019
14 10 2003 35
26 9 2017
06 07 2021
2013 144341
17 05 2019
9 8 2016
3 48
23 3 2021
2015 77878
20 51
7 10 2019
22 7 2020
11 10 2009
09 11 2007 109
16 10 2012
2 3 2015
03 09 2021
16 7 2020
13 8 2015
8 4 2014
21 4 2017
21 3 2021
20 382 00
13 05 2016
28 11 2015
17 8 2009
2015 148184
12 10 2016
4 14
14 4 2019
25 8 2009
24 09 2012 10 00
2018 288515
6 59
6 11 2019
2015 20900
18 02 2000 3
99
10 12 2009 108
29 02 2016
09 09 2009 66
11 04 2014 11 00
1944
20 10 2016
11 9 2021
250
6 6 2021
26 3 2018
16 7 2018
04 09 2013 103
2018 110922
22 10 2020
07 09 2011 111
09 07 2008 198
24 02 2020
8 4 2016
11 03 2011 32
07 05 2010 61
10 04 2008 113
08 10 2010 115
2 4 2019
2013 134697
06 02 2013 14
05 04 2006 34
90 216 531 30 00 2101
2010
11 02 2011 13
03 05 2021
10 04 2008 104
0 212 682 04 08
2018 75301
07 04 2008 35
26 4 2011
12 2 2018
05 08 2011 101
14 12 2009
21 410 884 00
27 08 2019
17 06 2016
2019 49566
18 06 2004 34
6 3011
10 08 2012
23 4 2018
25
593 19
2 6 2020
08 04 2005 26
14 101 50
22 05 2012 10 00
13 04 2020
10 9 2009
08 02 2006 16
06 09 2013 10 30
2016 272444
15 08 2020
08 07 2015 79 102
8 1 2016
13 11 2015
90 216 531 30 00 1401
07 05 2008 156
10 12 2010 136
29 10 2017
1877
19 2 2018
13 10 2009
22 5 2020
26 9 2016
6 12 2011
0212 646 4868
06 05 2011 63
12 1 2019
15 02 2019
9 3 2018
1954
2011 89125
2014 141475
02 04 2010
2015 8354
04 03 2019 11 30
19 5 2017
04 04 2012 14 00
23 7 2020
3 5 2010
4 6 2019
11 01 2019
10 11 2017
2013 19084
07 05 2008 162
18 6 2021
12 12 2018 11 30 12 12 2018 14 30
17 10 2011
08 02 2006 18
20 4 2021
2016 274291
19 04 1999 100
27 9 2012
5 10 2011
05 12 2012 165
10 12 2015
141
10 05 2013 66
04 06 2008 184
89
11 12 2012
05 07 2021
90 216 351 84 08
2019 499249
21 04 2019
90 216 382 56 66
9 9 2021
28 05 2018 11 00
02 11 2000 33
2015 175048
2014 111187
6 1 2021
05 03 2012 18
21 8 2019
16 4 2012
11 03 2021
08 07 2009 48
2018 06 30
30 10 2013
06 01 2017
20 9 2015
04 04 2018 39 49
07 01 2009 8
04 06 2001 14
24 05 2016
30 3 2012
2020 728
6 2 2017
29 05 2018
25 10 2002 52
06 04 2012 37
2015 162146
6 2 2014
05 12 2012 191
09 05 2008 169
19 03 2017
09 10 2013 132
2018 207408
0216 553 32 53
16 06 2021
11 03 2005 20
11 06 2010 84
7 2 2020
08 06 2011 80
1920
24 4 2017
2015 2016
24 9 2013
90 216 531 30 00 3701
25 3 2021
06 06 2012 50
2018 223113
0850 532 4948
09 07 2008 206
2020 764
78
2013 128706
24 1 2019
25 12 2017
10 06 2021 11 00
28 03 2017
2018 79097
09 03 2007 34
11 6 2019
2 4 2010
07 12 2012 10 00
2018 293895
90 216 381 16 02
08 09 2021 54 63
10 5 2017
18 06 2013 11 00
01 03 2021
14 10 2009 93
1 1 5
22 12 2003 52
07 06 2013 71
24 12 2010
01 11 2019
05 12 2012 194
02 07 2013 89
0536 881 72 33
2016 140887
13 4 2019
07 05 2021 11 00
0535 979 81 67
2015 2014 2013
23 3 2020
0532 363 02 33
03 11 2011 144
16 07 2020
90 216 531 30 00 3401
0532 781 35 44
10 3 2019
0216 422 16 54
31 1 2021
07 06 2004 14
04 06 2001 13
2018 146669
1 12 2020
14 03 2011
13 06 2002 38
2015 159435
08 07 2009 56
2 3004
0212 512 79 11
93 94
19 8 2012
08 11 2013 150
10 7 2015
20 3 2018
2018 234053
16 11 2016
16 05 2017
10 04 2008 124
25 10 2001 55
10 07 2009 64
24 09 2020
2018 601116
12 01 2007 6
04 02 2009 15
8 7 2015
11 11 2002 50
06 03 2019
3 550
08 06 2011 69
11 05 2012 47
4 3 4
01 03 2012 10 00
07 10 2009 82
23 1 2017
1002 1084 746 777
12 09 2019
2014 133424
05 09 2007 90
07 02 2007 17
16 9 2020
10 12 2013
19 2 2020
12 12 2012 10 00
21 3 2011
1 572 466 00
06 05 2021
25 10 2001 42
2014 5505
2019 42804
09 02 2007 24
05 04 2013 49
19 7 2019
09 12 2009 103
05 03 2010 27
2 10 2010
2018 529037
1051 1641 42
11 5 2019
24 6 2020
16 7 2010
10 05 2013 64
03 11 2011 147
22 1 2019
25 9 2018
20 03 2014 10 00
10 277 400 00
31 7 2011
12 1 2021
29 09 2020
2021 446176
09 04 2021
04 01 2021 1
2019 499
21 3118
04 01 2020
10 8 2012
17 02 2020
12 7 2012
2016 216410
11 3 2020 15 41 00
17 01 2021
15 3 2020
08 07 2009 52
17 03 2017
0537 469 24 84
03 07 2013 93
07 02 2007 11
2 12 2020
344 00
9 6 2010
04 11 1998 70
19 06 2012 10 00
13 02 2001 6
15 01 2013
0553 484 35 42
23 9 2010
09 10 2013 0
6 9 2012
4 7 2017
19 8 2020
28 11 2017
07 03 2008 31
2019 34093
2014 33597
22 2 2010
13 11 2012
08 02 2013 19
175
07 06 2001 33
29 05 2012
31 10 2020
02 11 2000 27
17 3021
4 00
467 19 00 1611
20 5 2021
13 8 2010
3 9 2009
6 240
1921
4 11 2016
2021 149846
15 5 2019
2
26 07 2021 12 00
14 9 2021
2014 176434
04
889 13
05 12 2012 145
12 5 2017
05 12 2012 185
10 12 2010 142
04 04 2011 35
20 08 2011
07 09 2005 62
07 09 2010 100
04 06 2001 15
02 04 2012 33
24 05 2017
37
19 10 1999 42
43
11 09 2009 79
07
2 3 2017
2014 21389
26 5 2010
16 06 1999 31
09 02 2020
15 5 2017
2012 144888
3 1 2021
23 4 2012
30 10 2014
2013 127422
6 3 2020
08 05 2013 53
03 08 2011 94
06 09 2013 117
06 06 2007 55
10 4 2021
371 300 00
08 09 2015
125
17 4 2019
1995
21 07 2020
7 6 2016
25 06 2016
2013 74077
26 9 2020
2013 190388
30 09 2020
19 10 2015
03 10 2017
2013 63286
21 02 2000 9
9 1 2017
2014 43947
90 216 531 30 00 1006
90 216 382 60 37
09 04 2004 7
12 46
2020
1 6 2016
15 9 2017
29 04 2021
08 10 2010 116
09 04 2008 84
8 6 2017
2020 25220
2020 113327
216 470 96 83
30 7 2021
14 11 2012 10 00
07 02 2002 2
11 06 2004 21
11 687 800 00
2019 680
11 11 2014
04 07 2007 76
27 7 2018
2 4 2020
8 3 2020
3 0216 423 33 43
20 10 2003 47
09 09 2009 70
04 10 2021
20 05 2020
22 1 2015
11 04 2008 129
3 6
02 04 2020
07 09 2010 102
14 2 2019
20 6 2018 16 11 00
12 10 2019
8 5 2020
07 01 2009 7
16 11 2005 11
07 11 2007 104
23 2 2017
28 12 2018
04 12 2013 154
27 7 2013
7 6 2021
03 10 2016
17 02 2003 9
216 577 66 19
18 05 2021
25 6 2019 10 54 00
17
05 06 2000 15
14 3 2018
5 8 2012
07 06 2013 74
02 05 2005 0
649 495 00
25 9 2019
2015 158795
2012 4158
25 12 2013 10 00
14 03 2012
2012 141420
11 04 2018 10 00
14 11 2016
09 12 2019
2015 11311
10 5 2013
29 09 2021
02 11 1998 62
11 10 2012
11 1 2021
09 12 2011 160
8 10 2018
13 14 15
19 7 2020
9 2 2020
12 5 2021
531 30 00 1081
7 2 2019
3 3 2011
07 10 2011 134
4 3 2017
1 125
23 12 2019
0 212 861 28 12
03 05 2006 45
29 7 2020
11 05 2007 47
06 04 2011 38
18 1 2021
5 2 2019
07 05 2008 165
2011 192422
13 10 2020
09 05 2007 44
44 4 360
39 3133 1
2015 1410
19 2 2017
06 07 2007 86
16 006 800 00
2 6 2016
15 9 2018
2012 50508
3 2 2019
19 07 2016
08 11 2017 81 84
09 09 2011 118
0545 765 1245
22 10 2004 46
22 8 2019
06 10 2006 67
27 2 2018
0 212 886 64 30
01 04 2018
444 00 92
13 10 2021
05 04 2017 32 36
30 3 2015
18 06 2004 32
15 04 2021
95
30 9 2020
30 3 2013
02 11 1998 60
05 02 2011
29 12 2019
07 09 2005 64
2021 468481
0 216 494 26 21
13 5 2017
25 1 2017
05 09 2007 92
09 01 2013 3
26 03 2018 10 00
2011 189078
15 3 2021
11 03 2005 16
18 11 2009
168
29 4 2021
24 10 2011
05 12 2008 265
8 9 2009
23 4 2016
14 8 2020
30 12 2015
2165705000 2166870776
18 12 2018 10 30
14 2 2020
04 05 2018
2 6 2015
28 6 2021
0 216 570 50 00 1442
10 3 2018
11 1 2020
2012 105352
07 05 2003 11
2015 160432
9 9 2020
20 1 2018
17 6 2016
25 6 2019 10 50 00
07 01 2015 3 10
31 12 2013 10 00
16 3 2016
2010 537419
07 06 2002 24
30 11 2009
4 07
9 3 2017
13 11 2020
11 11 2015
2011 192365
1957
23 7 2019
06 06 2012 54
29 08 2019
12 4 2017
08 12 2006 84
17 1 2012
2011 177862
28 10 2010
3 19
09 06 2016
19 484 85
4 2 2019
25 4 2019 16 20 00
14 4 2021
07 04 2011 44
203
5 3 2017
17 05 2021
08 02 2008 18
06 11 1998 74
15 6 2021
766 767 791
2014 165294
01 05 2018
23 3 2011
19 9 2017
09 05 2016
17 02 1997 5
10 5 2020
9 1 2015
28 09 2021
9 000
05 12 2012 176
92
2165705000 1723 2166870797
444 4 597
21 11 2011 10 00
27 04 2011
22 8 2021
249 150 00
18 12 2020
27 9 2021
05 12 2012 196
2016 643
23 11 2020
18 04 2012 10 00
09 06 2010 72
27 5 2012
06 11 1998 61
0537 363 7873
2021 189234
18 03 2020
2013 64873
13 11 2019 11 27 00
2013 127804
1 3004
9 6 2015
23 1 2021
11 7 2014
3 5 2016
18 04 2019
11 12 2020
6 6 2012
26 8 2015
00 00 02 09
26 5 2017
11 5 2020
11 10 2020
07 11 2012 124
20 11 2019
29 5 2021
2 7 2021
18 10 2016
04 08 2010 90
13 04 2012
09 11 2012 137
05 10 2007 99
06 03 2017 22
6 3 2015
16 10 2017
03 06 1998 30
14 12 2017
01 11 1997 54
30 06 2016
2019 21146
2 2 2017
24 11 2016
05 05 2006 43
08 11 2006 76
06 02 2013 16
13 2 2012
22 9 2020
2 10 2013
21 05 2021
07 09 2011 112
7 3 2011
930
1872
3 10 2017
22 11 2014
0212 322 8850
19 4 2019
8737
0
444 4 360
2019 756
2018 157461
05 10 2011 124
23 2 2021
2018 545139
22 06 2011 06 08 2011
14 16
11 10 2004 44
6 3 2017
2019 434
28 02 1997 3
29 8 2020
29 10 2014
02 12 2019 100
05 02 2020
27 11 2020
06 01 2005 8
29 1 2012
16 5 2010
122
0216 412 38 30
09 09 2009 67
9 689
09 05 2008 167
4 2 2020
18 06 2002 40
04 07 2018 67 82
19 10 2019
7 5 3
06 04 2007 40
11 03 2011 25
18 4 2016
17 12 2012 10 00
2013 87551
23 07 2012 10 00
4 8 2011
20 04 2021
29 09 2014 10 00
16 05 2021
25 04 2015
03 12 2008 262
7 4 2012
03 12 2018 116
2018 360206
13 2 2021
9 4 2021 16 49 00
11 03 2011 31
29 6 2021
11 5 2016
2012 55551
2016 462622
6 10 2019
29 03 2020
17 30
08 04 2008 37
3 4 2012
18 06 2004 26
15
09 04 2019
31 05 2013 10 00
444 1984
09 04 2010 40
20 8 2009
14 7 2020 17 01 00
25 5 2019
03 01 2021
14
25 07 2017
2016 4413
08 12 2005
01 11 1997 61
07 08 2018 11 30
28 11 2014 11 00
61
20 6 2018 16 12 00
27 2 2021
16 06 2004 23
3 47
04 02 2009 16
4 1
13 7 2015
11 7 2019
2016 759
15 5 2021
28 12 2015
0216 382 3 382
08 06 2012 73
07 10 2005 74
15 09 2015 11 00
4 5 2021
2013 48180
05 12 2012 161
27 10 2003 54
30 1 2011
19 9 2014
06 04 2012 39
08 07 2005 55
06 11 1998 57
7 1 2020
01 10 2021
05 12 2012 149
07 12 2012 213
7 7 2021
2013 73423
10 3 2020 10 33 00
30 7 2010
300
05 07 2006 59
5 1 2018
23 03 2021
07 06 2012 10 00
2011 154041
22 8 2017
08 06 2011
26 3 2012
0 212 873 01 14
2011 152918
29 06 2021
19 12 2020
09 12 2009 102
11 30
18 4 2012
06 06 2012 48
11 10 2013 137
19 2 2011
22 01 2020
90 216 382 69 72
20 11 2014
09 01 2013 5
22 01 2010
11 05 2007 49
15 10 2018
28 7 2021
17 5 2010
2018 266455
0212 628 9165
21 02 2000 4
90 216 461 98 82
7 3 2014
10 1 2010
24 07 1997 33
26 11 2009
1984
10 05 2013 10 00
21 4 2016
08 05 2021
812 000 00
2020 42
4 9 2011
22 06 2021
09 06 2010 70
7 8 2012
18 07 2012 10 00
2018 579215
01 06 2016
10 07 2008 216
17 03 2020
08 06 2011 75
29 06 2000 26
29 04 2016
02 07 2013 86
1 3 2021
11 02 2005 0
14 4 2018
03 02 2020
16 01 2021
05 03 2010 22
2019 483
581 87 87
06 03 2009 21
1 7 2010
03 07 2013 98
2016 249638
24 11 2019
12 11 2019
212 453 51 80
2 8 2019
2012 133073
28 3125
28 12 2020
24 11 2020
06 09 2013 125
03 06 2009 40
6
0216 391 04 70
23 10 2020
20 4 2017
08 07 2009 45
12 12 2014
1947
16 4 2019
0 535 257 96 77
28 12 2016
5 30
10 04 2009 28
12 12 2020
2012 61769
11 01 2017
2019 461751
07 05 2008 145
74
21 6 2017
12 11 2012
05 12 2012 141
7 920 00
21 7 2009
21 9 2020 13 31 00
90 216 382 62 15
09 06 2017
16 12 2020 10 57 00
04 11 1998 77
00 00 01 40
04 03 2017
03 07 2013 91
09 12 2020
07 10 2011 127
20 9 2020
17 4 2017
2018 238754
29 12 2017
25 5 2016
7 12 2018
2014 114197
2017 11097
14 6 2013
1 089 812 50
30 8 2019
84
05 04 2013 48
10 9 2019
07 06 2002 23
19 10 2012 09 30
9 7 2012
26 2 2018
06 11 2013 143
19 05 2020
23 4 2017
2012 21112
4 10 2009
11 06 2018 11 30
15 03 2017
14 01 2013 10 00
03 03 2017
0 029239767
3 57
16 53
03 09 2008 227
01 11 1997 52
28 05 2019
2018 208988
08 02 2017 9 21
18 10 2002 53
2018 518692
5 12 2009
3 32
2012 96256
2012 135461
08 04 2008 61
04 04 2011 34
18 00 18 45
04 10 2017
22 2 2021
15 11 2017
2015 163712
08 04 2008 50
11 06 2010 77
27 10 2014
06 12 2013 166
13 10 2017
16 1 2014
12 07 2019
15 04 2019
9 4 2017
13 4 2012
05 04 2013 51
13 1 2021
06 03 2009 20
2002
25 2 2019
27 5 2018
05 04 2018 10 00
12 4 2008
102
03 11 2011 139
2014 165864
03 02 2021 10 16
6 12 2013
57
10 12 2010 132
31 10 2002 15
22 10 2004 54
31 3 2020
2019 17305
2 2 2010
14 01 2018
13 07 1999 38
17 10 2012 10 00
8 220 336 00
09 02 2007 22
17 3 2019
12 2 2019
2013 52962
8 7 2014
14 6 2016
29 09 2015 11 00
2018 846
03 07 2018 10 00
1895
07 09 2010 103
17 1 2017
5 18
19 10 2020 10 06 00
21 1 2021
04 05 2005 23
20 354 63
27 01 2021
20 12 2013 10 30
64
2015 30419
3 12 2009
13 10 2011
09 04 2010 41
2 5 2017
08 06 1998 19
2 5
266 00
06 09 2013 122
25 10 2001 39
26 06 2020
15 10 2014 121 130
2019 53892
07 10 2013 14 00
5 835
238 00
2 7 2014
12 1 2018
2012 163106
12 12 2017
2012 136482
8 440
31 03 2020
8 9 2015
02 12 2019
20 3117
28 3 2012
20 3 2020
19 06 1998 25
26 03 2019
27 10 1995 95
69
12 3 2020 14 48 00
0 212 883 73 77
19 5 2021
21 02 2017
2 1 2020
25 2 2018
13 04 2015 14 00
03 07 2012 2136
15 10 2019
24 02 2017
27 01 2020
16 8 2011
2014 127842
09 09 2011 117
9 5 2018
28 01 2020
21 11 2018 10 30 21 11 2018 13 30
31 1 2011
8 8 2009
12 07 2021
24 9 2012
10 12 2012 14 00
13 12 2018 16 52 00
23 8 2021
2016 141132
14 7 2020 17 04 00
7 11 2016
17 1 2019 14 30 00
2004
10 06 2003 27
14 07 2020
76
30 1 2013
2018 261358
26 39
19 06 2000 21
47
21 10 2011
14 7 2015
20 5 2014
03 02 2010 8
9 5 2019
04 08 2010 87
20 6 2015
2012 147931
03 07 2013 100
25 11 2014
09 05 2017
07 12 2007 118
90 216 381 64 03
10 10 2008 240
2018 599586
28 8 2021
05 09 2012 107
04 11 2020 70 77
14 5 2017
17 04 2021
18 11 2013 10 30
28 10 2015
2 6 2011
13 11 2019
25 11 2019
04 12 2013 158
09 06 2010 63
05 03 2008 23
05 12 2012 168
06 06 1997 26
06 06 1997 29
2010 538472
31 10 2018
10 04 2008 106
0532 636 71 72
0212 646 0857
1 4 2018
2018 273322
29 4 2018
06 10 2010 108
2 12 2015
2013 105030
000
4 3 2020
20 09 2002
11 2 2021 15 08 00
2012 30491
07 09 2016
2013 143755
2018 279164
19 02 2018 10 00 19 02 2018 13 30
05 12 2019
17 02 2003 1
21 9 2018
8 10 2020
13 06 2020
3 11 2020
05 01 2015 1 2
06 09 2013 129
19
11 060
21 11 2019
13 17
25 3 2019
03 06 2021 11 00
467 19 00 1301
17 3 2011
6 4 2016
6 5 2021
10 1 2011
26 06 1996 96
11 04 2018 15 00
0 052631579
167
20 06 2002 42
13 9 2019 16 19 00
05 09 2012 103
07 02 2002 5
18 06 2002 32
360
11 05 2016
170
29 11 2020
08 08 2012 89
21 06 2018
20 1 2012
7 3 2017
2017 322202
13 7 2016
02 11 2000 36
03 08 2021
13 4 2021 16 40 00
05 12 2012 162
18 1 2020
0 212 544 75 71
13 06 2017
2016 303916
16 02 1998 2
9 3 2010
0507 250 51 09
29 5 2017
8413
07 05 2008 163
09 03 2016 18 35
09 00 17 00
11 4 2014
25 12 2020
11 4 2020
22 04 2015
17 01 2019 11 30
02 11 2012 10 00
21 02 2003 4
05 06 2000 17
14 5 2018
15 12 2020
12 5 2014
3 2 2015
03 01 2011 1
05 12 2012 154
20 2 2021
05 09 2012 110
0 216 632 81 21
47 173 98
27 5 2015
4 2 2011
12345678910111213141516171819202122
10 06 2015
29 09 2020 11 00
11 11 2020
24 9 2021
13 3 2020
05 05 2010 47
09 01 2013 4
26 4 2019
03 05 1999 19
09 04 2014 27 30
4 18
30 12 2016
12 5 2018
01 04 2013 41
05 04 2010 29
2018 604354
29 7 2011
0 212 868 04 24
2 8 2020
12 06 2017
11 8 2010
2020 359
06 04 2016
01 04 2021
07 10 2021
29 8 2019
232945
31 5 2016
173
264 000 00
54
07 04 2006 33
24 2 2020
25 2 2021
31 7 2009
13 08 2013 11 00
0535 399 82 04
301 55
05 12 2012 170
19 02 2019 11 30
03 05 1999 18
02 01 2006 2
4 3 3 1
8 1 2011
04 04 2007 38
28 5 2014
16 02 1998 8
07 12 2012 218
2012 112749
05 09 2012 112
15 04 2017
16 8 2012
08 10 2010 112
21 2 2017
2011 68593
11 07 2019
2016 372983
03 11 2009
09 09 2015 103 126
5 2 2020
17 3 2014
28 03 2019
27 9 2019
4 8 2016
90 216 523 99 12
3 11 2011
30 05 2016
790 48
25 8 2015
0541 443 26 46
16 03 2012
18 4 2018
6 5 2011
08 06 2012 76
2014 110454
2015 164175
05 12 2012 193
3 570
07 03 2015
11 10 2013 135
13 02 2001 7
104
26 04 2012 10 00
82 83 84
2011 161729
1 655 610 80
22 4 2016
01 08 2012 10 00
09 09 2003
14 10 1999 47
7 12 2020
6019
02 07 2018 10 00
20 6 2017
22 05 2019
06 06 2005 51
11 10 2016
2019 424
28 04 2019
2014 115602
06 10 2021
10 6 2011
2165705000 1733 2165809991
09 05 2007 45
30 04 2018 11 00
14 11 2019
1 10 2017
26 6 2021
28 6 2013
13 9 2013
13 9 2020
2020 38779
18 06 2002 43
21 7 2017
25 3 2017
2012 159754
26 5 2011
29 05 2020
19 10 2020 10 07 00
20 2 2017
0532 323 0182
2020 524
16 8 2017
23 05 2012 10 00
08 04 2008 44
25 07 2020
2012 149315
2021 229509
17 10 2014
395 3894
05 10 2007 98
90 216 382 63 92
2018 650498
2013 92271
23 11 2019
26 5 2019
07 09 2021
25 08 2021
10 3 2017
9 4 2012
16 12 2020 10 56 00
04 05 2009 30
29 3 2011
2013 92279
1936
07 08 2017
0541 366 61 34
24 3 2021
15 09 2020
26 1 2021
1922
04 01 2010 1
10 11 2014
2025
09 11 2012 139
6023
2017 689841
19 06 2003 31
0535 316 42 41
2014 132253
04 11 1998 65
18 25
19 5 2013
16 5 2016
4 3 1
13 1 2021 10 46 00
04 05 2011 58
15 10 2008 247
1028
2 7
07 01 2011 7
08 02 2020
21 07 2017
3 6 2021
05 03 2020
19 06 2003 38
14 01 2021
24 3 2015
04 05 2005 30
19 12 2019 11 10
07 12 2011 158
90 216 443 56 00 1222
04 08 2010 86
13 11 2014
16 10 2012 10 00
03 04 2013 43
2 3 2021
18 3 2010
27 1 2017
42 667 286 80
2019 703
21 08 2011
2012 92594
23 3 2017
23 5 2014
2014 148454
6 4 2017
12 06 2000 19
09 03 2021
123
2012 194306
26 03 2021
09 05 2018 11 30
14 314 950 00
7 6 2018
1958
2014 159050
10 6 2020
26 10 1998 53
29 4 2013
9 994 612 45
6088
24 4 2015
20 07 2012 10 00
07 03 2019
30 01 2020
06 06 1997 24
04 06 2019
03 06 2009 41
42 58
2014 143548
22 01 2021
28 5 2012
13 1 2021 10 43 00
23 1 2012
05 12 2012 150
20 06 1997 30
19 10 2020
774 108 00
19 03 2021
20 05 2017
2 9 2011
28 11 2013
20 9 2017
90 216 382 73 87
16 04 2001 28 05 2003
27 10 2014 11 00
15 3 2017
29 1 2021
10 2 2010
10 12 2019
90 216 351 80 08
06 07 2007 87
7 8 2017
19 4 2018
10 03 2011
16 06 2003 23
11 06 2010 81
9 2 2021
15 10 2009
98
90 216 443 56 00 1421
09 06 2006 51
28 000 000 00
11 8 2021
07 05 2008 140
7 5 2021
14 03 2017
18 00
10 3 2014
03 05 1999 14
1 9 2015
90 216 381 44 40
13 3 2019
2013
09 04 2008 82
28 9 2017
2013 31360
6 10 2016
6 6 2018
26 05 1999 21
9 6 2017
1951
06 04 2019
14 2 2018
9 06
12 08 2011
2011 101044
0 212 467 19 00 1135 1107 1104 1110
12 3 2019
06 07 2007 82
09 02 2011 10
27 8 2020
06 05 2011 62
2018 153419
2013 53476
20 12 2018
0535 380 19 27
5 3 2020
09 04 2008 75
13 4 2021 16 38 00
23 06 2016
09 11 2007 110
07 02 2002 9
07 11 2008 260
8 11 2019
26 02 2018
02 11 2000 29
0532 718 06 03
06 12 2013 160
9 8 2010
18 06 2004 37
09 02 2007 25
31 3 2017
2 1 2018
11 02 2020
04 06 2014 64 79
07 03 2020
90 216 382 60 76
09 04 2008 76
09 05 2008 171
01 07 2019 60
19 03 2012 10 00
2018 137697
32 3128
0 021097047
2017 80487
0216 458 99 00
5 6 2018
29 9 2009
11 04 2018 11 30
0 216 335 84 51
11 11 2005 11
10 04 2008 103
05 04 2006 28
29 07 2011 25 11 2011
06 02 2013 17
10 05 2013 65
51 903 700 00
06 04 2005 15
10 12 2010
21 9 2017
31 7 2021
2017 572333
1 6 2012
01 07 2013 11 00
2 750
10 04 2019 21 29
05 02 2017
2018 227533
30
22 4 2013
02 06 2018
27 10 2020
24 2 2012
2016 301009
23 2 2012
1965
27 04 2018 11 00
86
6064
07 09 2007 94
1 4 2021
126
23
2018 453048
8 1 2020 14 09 00
28 8 2018
08 09 2006 64
1 7 2021
1 5 2021
31 05 2012 10 00
29 7 2021
20 04 2016
17 12 2011
15 3 2021 10 39 00
29
28 9 2018
12 3 2017
19 06 2016
22 7 2009
06 06 2012 52
17 12 2019 11 00
09 04 2008 73
24 3 2014
20 09 2010
19 5 2018
2 4 2018
05 06 2013 70
14 8 2018
90 216 351 80 19
07 06 2004 17
06 06 2020
0 025316456
2020 08 19
7 270
8 4 2020
18 10 2001 47
1078 1667 68
25 5 2015
6 9 2013
29 05 2021
2018 33950
03 04 2013 47
13 11 2018
15 05 2021
05 12 2005 12
2018 230769
28 4 2019
07 05 2008 144
06 03 2013 25
2014 76929
1 8 2020
2017 326999
03 09 2008 225
12 06 2020
29 5 2018
08 06 2012 70
2 11 2015
27 3 2020
60
15 08 2018
15 3 2014
06 10 2006 69
1926
08 06 2016 51 56
7 6 2017
2014 134395
2013 45363
29 5 2020
24 02 1997 13
30 9 2021
8360427805
6 8 2020
06 06 2007 59
23 05 2021
06 06 2008 193
12345678910
02 09 2019
08 09 2021
679 400 00
6 6 2016
08 05 2013 57
23 01 2021
22 8 2020
04 06 2008 179
10 6 2016
05 05 2017
0 216 570 5000
16 5 2021
19 7 2021
21 11 2016
1 7 2019
90 216 382 68 30
2 2 2019
26 05 2021
29 4 2017
27 4 2013
164
05 12 2012 158
0 056140351
26 05 1999 22
15 3 2021 10 43 00
05 02 2010 12
2014 164498
24 10 2019 13 35 00
2018 646403
26 10 1998 67
09 11 2007 108
22 3 2013
23 9 2013
395 2579
04 03 2019 14 00
2012 29674
24 05 2012 10 00
11 5 2010
28 2 2010
08 11 2012 10 00
02 09 2021 12 00
11 12 13 14 15
13 3 2018
9 9 2015
08 02 2006 15
12 10 2018
4 5 2017
11 3015
30 05 2018
10 11 2011
05 05 2010 46
18 7 2020
25 03 2010
06
2019 15795
05 05 2021 10 00
10 4 2013
08 07 2009 51
10 00 11 00
49 3143
11 8 2009
03 11 2010 120
12 11 2010
26 07 2011
21 6 2019
05 06 2013 69
2012 162867
30 4 2019
12 7 2021
2014 161258
03 07 2013 97
07 10 2009 80
3 1
05 06 2006 50
06 04 2011 40
12 2 2020
28 6 2017
19 04 2016
2019 516899
8 9 2017
07 03 2012 21
10 04 2008 126
04 06 2008 181
7 3 2020
0 212 889 04 43
90 216 351 12 55
18 11 2020
2019 41917
14 9 2019
06 12 2013 164
10 02 2010
03 11 2010 121
06 05 2019
07 10 2011 135
25 12 2013
20 05 2021
9 10 2020
12 13 14 15
2021 465492
0216 531 30 00 2717
2 193 373 00
2012 92707
2016 597770
02 04 2019
1987
90 216 443 56 00 1401
7 3
26 10 1999 44
07 05 2020
21 2 2010
10 06 2016
01 02 2020
8 6 2021
6 12 2012
07 12 2007 117
0537 959 5984
03 07 2013 95
27 10 1997 58
4 4
09 02 2007 21
22 10 2013 10 00
25 8 2016
30 07 2021 11 00
2012 119798
01 11 1997 39
10 130
10 6 2013
90 212 966 02 02
11 05 2007 48
8 2 2017
678 487 50
12 03 2017
07 11 2012 128
27 2 2019
12 1 2015
20 4 2016
09 12 2005 12
5 9 2009
82
07 05 2008 149
20 05 2018
1977
03 06 2005 37
7 5 2014
9 7 2021
2016 99081
4 05
06 02 2008 12
17 09 2021 11 30
6 11 2009
16 06 2004 22
2021 227658
2013 175784
15 4 2014
06 01 2010 2
29 05 2011
07 12 2012 212
5 715
6 10 2020
04 02 2019
5 2 2011
14 02 2021
17 1 2019 14 31 00
23 08 2021
27 4 2020
26 02 2021
12 7 2017
30 8 2015
19 06 2000 22
622 75
4 4 2
3 5
2018 705971
07 03 2008 29
20 10 2003 50
1 2 2017
1943
18 9 2014
25 10 2002 13
11 3 2020 15 33 00
11 3 2015
2016 73107
08 11 2013 151
90 216 382 38 78
5 5 0 0 55 9 46 15
07 04 2011 50
04 05 2011 55
03 03 2010 17
12 3 2013
09 02 2021
2018 294462
06 06 2021
16 02 2018 11 00
09 11 2016 94 97
30 5 2012
25 6 2019 10 53 00
07 01 2005 5
2018 423256
23 04 2008
19 06 2003 40
19 01 2020
2 11 2016
0212 629 53 01
05 12 2008 266
20 01 2017
2018 404310
11 06 2016
15 1 2021
14 11 2009
2012 170746
20 00
31 03 2015 14 00
30 4 2015
09 06 2010 64
2013 190722
08 05 2013 58
2 6 2014
08 03 2021
17 9 2013
90 216 382 22 16
7 480
0212 559 61 67
5 3 2014
24 05 2021
2165814747 2165814778
01 12 2019
04 03 2020 16 22
07 12 2017
28 1 2019
63
02 07 2013 76
16 06 1999 32
0216 422 16 540216 422 16 54
02 11 2012 14 00
20 02 2017
21 10 2018
08 02 2008 21
3 1 2014
420 55
26 2 2010
18 02 1998 9
2 3 2013
2019 443152
28 11 2012 10 00
7 8 9
07 12 2012 216
9 26
17 6 2010
0 26
25 03 2021
27 9 2020
17 4 2021
05 07 2017 56 58
14 1 2020 14 12 00
3 11 2009
03 06 2005 40
24 01 2019
04 11 2003 62
03 04 2013 45
22 5 2013
14 03 2020
04 11 2003 57
44 44 360 8850
29 05 2010
27 07 2019
26 04 2019
11 01 2013 13
05 08 2020
03 09 2014 108 120
07 11 2017
2019 575654
893500 1195081500
1939
30 3 2011
5 3 2021
10 7 2021
12 11 2020
09 11 2019
8 4 2013
90 216 381 13 42
05 11 2010 124
06 09 2013 128
03 06 2009 39
90 216 531 30 00
22 10 2012 10 00
05 12 2010
23 2 2011
3 01
4 1 1 3
22 01 2018
5393
04 08 2012
13 06 2021
3 9 2019
29 7 2015
29 06 2000 25
18 12 2003
25 3 2014
127 340
30 1 2020
19 12 2016
11 02 2002 11
4 022 49
22 7 2013
13 06 2002 37
11 55
2019 42090
08 08 2020
2014 173260
19 05 2018
19 06 2003 33
10 07 2009 62
24 12 2017
22 8 2016
27 3 2012
16 17 18 19 20 21 22 23 24 25
06 05 2011 66
49
6 16
19 10 2020 10 04 00
01 06 2019
2016 187678
20 09 2019
6 1 2017
07 05 2008 153
5 9 2019
24 8 2016
2018 176415
03 04 2017 30 31
05 02 2020 9 15
458 99 00
10 07 2008 214
2012 134023
18 43
444 0 160
2015 67465
24 10 2019
08 08 2014
06 09 2013 116
28 1 2013
14 10 2009 91
11 02 2005 11
03 11 2011 136
18 7 2021
02 07 2013 77
25 05 2021
0532 202 49 24
5 2 2016
7 12 2019
11 7 2016
16 2 2020
2018 611844
650 81 14
07 02 2007 18
17 9 2021
2012 106744
2012 144582
2016 262558
10 6 2019
10 10 2008 242
2019 36924
07 09 2005 63
08 06 2012 63
14 10 2020
444 4 360 8985
23 11 2013
08 12 2015 11 30
21 4 2021
00 00 08 06
18 06 2002 39
05 01 2011 2
12 9 2018 16 52 00
6 8 2010
2 262 42
19 06 2003 39
3 9 2021
02 12 2017
1 1 2
29 11 2010
25 4 2018
10 12 2010 139
444 4 360 8063
2016 338635
07 05 2019
11 02 2011 14
15 7 2021
24 06 2011 21 12 2011
9 11 2010
31 07 2012 10 00
90 216 443 56 00 1731
6 1 2018
2 9 2016
13 3 2021
09 09 2009 68
14 7 2020 16 59 00
29 6 2010
16 3 2017
30 1 2019
25 1 2018
07 07 2009
05 05 2006 48
0212 238 2267
16 08 2012
15 8 2020
10 11 2006 78
22 07 2011
22 07 1997 37
0212 237 9402
16 07 2005
13 01 2012
2013 181959
2031
03 01 2011 0
06 10 2006 60
05 12 2012 174
2012 39688
20 6 2018 16 17 00
2012 37651
19 4 2013
16 04 2016
29 04 2019
08 06 2012 66
2021 204804
06 06 2008 188
2013 48544
25 02 2016
2021 202510
17 5 2013
05 09 2007 91
21 9 2011
2021 461921
2019
29 03 2021
2011 158829
2019 547187
2016
02 07 2013 78
16 5 2013
2012 123696
2018 157905
18 06 2004 36
15 5 2011
06 10 2008 234
02 06 2008 176
25 5 2017
05 11 2010 123
2 2 2021
08 07 2005 58
02 02 2011
8 4 2021
02 12 2018
24 05 2020
304 2810
7 8 2018
09 09 2009 69
05 11 2008 251
04 07 2012 10 00
09 09 2011 122
22 2 2017
62
2019 580125
2017 403
04 07 2007 69
17 07 2017
06 09 2013 118
28 10 2018
90 216 382 68 21
2 075 50
24 02 1997 11
2013 195186
2017 15384
21 04 2016
11 01 2013 12
29 4 2016
1986
13 08 2012 10 00
212580379
06 12 2017
06 10 2006 70
03 05 1999 17
08 02 2013 18
09 03 2011 19
08 10 2019
09 09 2011 121
482 4929
27 05 2013 10 00
30 04 2015
0 212 872 13 71
14 06 2001 11
11 3 2018
13 2 2020
04 06 2008 182
17 12 2020 10 57 00
33 3129
2016 353764
26 8 2020
2019 572
07 11 2012 120
16 06 2003 29
25 11 2017
0212 444 0073
18 5 2014
06 08 2010 94
28 12 2011 10 00
1 6
04 09 2021
14 23
11 5 2017
18 9 2019
06 06 2018 11 00
4 6 2015
10 3 2011
2011 193127
18 05 2017
31 10 2002 44
8 10
26 5 2015
17 10 2008 248
7 1 2021
08 06 2011 74
2019 446173
08 11 2012
25 02 2021
2019 373695
09 08 2012
03 10 2005 10
04 06 2001 12
75
07 01 2011 8
444 00 73
04 06 2020
1960
07 05 2008 152
44 3138
07 01 2005 4
46 3140
13 7 2020 12 05 00
07 12 2018 14 30
11 04 2017
29 2 2012
380
13 08 2021
304 1123
22 12 2020
212 599 0171
2015 147047
25 6 2013
10 12 2010 138
09 04 2004 4
26 10 2017
2020 325
0530 209 89 74
06 12 2012 10 00
0 212 410 06 00
2012 28977
2019 118
9 7 2018
444 43 60
12 03 2020
11 05 2012 45
04 07 2007 68
135
10 2 2020 14 01 00
12 03 2012
1 8 2012
19 08 2020
22 6 2012
4 5 2018
31 08 2020
21 11 2018
1620052160
1 1 1
19 9 2018
5 5 2015
09 09 2011 120
16 1 2016
29 9 2017
05 09 2008 230
06 05 2005 36
6 6 2013
18 11 2019
317076 8
15 1 2019
6 4 2021 14 38 00
08 04 2008 42
25 03 2019
2017 65674
444 31 12
143
121
2019 42240
90 216 443 56 00 1411
2012 121600
06 03 2020
19 01 2021
12 6 2014
2018 585486
5 1 2021
31 10 2017
10 05 2021
18 02 2000 5
27 10 1997 51
23 06 2020
24 21
90 216 382 56 03
07 10 2013 10 00
9 1 2021
06 03 2018 11 30
0216 447 40 42
15 03 2012 14 33 00
9 5 2010
31 01 2013 10 00
0212 293 6030
21 03 2020
07 04 2019
04 08 2021
1049 1639 40
23 6 2021
17 4 2011
30 06 2021
23 10 2013
2017 204280
13 1 2015
970
07 02 2017
07 05 2010 58
04 07 2007 72
4 3 2
05 08 2011 103
162
24 08 2021
05 04 2021 19 22
30 12 2019
16 12 2016
19 5 2014
2013 66417
19 5 2016
05 12 2012 146
02 04 2012 32
18 12 2014
0212 426 29 16 0 212 592 72 66
10 10 2012
2013 54881
24 4 2021
2014 113650
26 7 2012
24 7 2011
25 04 2008
06 01 2006 11
133 3
2019 758
90 216 443 56 00 1575
08 09 2018
13 06 2002 35
13 2 2014
27 02 2020 11 10
10 02 2006 20
0212 542 52 04
05 09 2021
16 02 1998 7
1 483 61
18 3115
15 06 1998 23
40
15 3 2012
18 23
295
2012 148383
16 17
12 12 2019 14 35 00
31 08 1998 46
07 05 2021
07 09 2010 101
8 12 2020
10 4 2014
19 06 2003 28
08 10 2010 114
2013 63675
24 10 2013
12 3 2018
10 09 2021 12 00
642 326 52
02 06 2019
5 3 2019
20 10 2020 10 04 00
2018 651357
15 09 2021
11 10 2018
29 06 2016
20 6 2014
444 0 467
2021 183362
25 03 1994
27 11 2010
08 12 2006 82
21 6 2018
18 12 2019
29 07 2016
19 08 2021
14 10 2014
09 05 2019
28 3 2013
8 1 2020
09 01 2013 7
2012 62054
11 11 2018
2028
2012 173750
14 5 2010
6 9 2021
17 11 2011
7207
49 668 33
7 3 2019
30 5 2019
13 06 2019
9 3 2020
29 7 2016
07 11 2008 258
10 2 2017
2013 50491
18 06 2002 31
03 11 2011 146
07 10 2005 70
2 6 2021
2014 75239
25 10 2001 52
16 12 2020 11 02 00
21 10 2019
22 10 2004 52
23 04 2017
00 00 08 33
34
01 11 2012 10 30
2020 16 033
06 04 2017 37
06 06 2003 19
27 9 2016
08 04 2008 49
02
08 06 2012 77
09
06 07 2007 88
67
02 10 2017
2 11 2018
24 03 2014 13 00
09 03 2011 21
09 11 2020
09 11 2007 107
2012 83905
07 02 2007 15
5 8 2020
18 5 2016
90 216 382 40 09
3 42
06 10 2016 92 93
1 6 2019
2021 256312
10 06 2021
5 1 2010
35 310 00
20 04 2020
18 01 2017 16 00
0506 107 66 66
2021 291552
2016 551095
3 4 2014
04 01 2017 2 8
15 06 2000 13
140
22 12 2003 56
14 2 2013
4 1 4
05 05 2010 54
07 11 2007 103
15 8 2013
20 01 2014 10 00
06 06 2008 194
06 11 2018
09 00 19 00
14 11 2018 13 30
03 01 2005 0
20 4 2012
2 12 2019
9 5 2016
2013 138526
12 01 2007 5
20 8 2011
3 33
0212 661 38 95
06 03 2017
15 2 2020
1 3 2012
23 5 2016
28 6 2016
22 549 154 00
8
90 216 381 40 20
0216 391 06 80
06 09 2013 130
05 12 2012 143
10 2 2020 14 02 00
2014 147938
16 5 2019 11 16 00
9 2 2019
09 04 2008 79
06 02 1995 94
11 10 2002 4
11 02 2002 16
18 01 2021
2014 16398
7 1 2016
3392
2001
15 7 2010
0212 431 1512
16 12 2020
31 8 2021
6 10 2017
16 11 2019
90 216 351 85 79
04 03 2015 13 20
30 8 2016
07 05 2008 160
15 2 2010
09 05 2008 166
04 09 2013 109
06 03 2013 31
05 06 2000 16
5 2 2013
90 216 382 61 67
17 1 2019 14 32 00
09 01 2008 4
08 07 2009 55
90 216 443 56 00 1110
20 05 2021 32 38
22 1 2021
01 12 2020
90 216 443 56 00 1638
2012 79590
05 11 2020
3 3 2017
6 2 2019
18 04 2017
3 10 2009
2 5 2013
08 06 2007 63
09 03 2011 23
08 09 2006 63
16 06 2003 21
09 05 2007 42
5831
29 10 2015
04 2015
2014 15 3
18 6 2017
8 11 2010
8 1 2018
29 2 2016
8 2 2019
15 7 2009
04 07 2007 78
23 8 2020
11 02 2002 8
24 6 2011
14 2 2012
05 09 2012 99
6 1 2016
05 12 2012 184
2016 267159
2 3 2010
444 0 073
19 03 2018 11 00
0212 508 8704
29 4 2015
07 05 2010 57
07 04 2012
0212 628 70 03
07 12 2012 214
31 3127 1
1879
19 06 2003 25
04 05 2005 31
1265 1848 49
26 6 2010
444 0073
2014 5402
9 5 2017
4 1 2021
05 09 2019
07 03 2017
26 12 2010
07 06 2001 32
24 9 2010
09 04 2008 85
28 8 2011
2019 435
30 01 2013 10 00
20 4 2015
13 5 2018
05 09 2012 113
16 4 2017
9 10 11
12 8 2011
30 3127
7 5 2019
1 2 7
15 4 2010
16 4 2021
28 12 2011
13 7 2021
20 12 2010
18 11 2005 78
10 12 2011
11 05 2007 53
04 09 2013 112
1931
12 06 2012 10 00
05 12 2012 153
09 02 2005 0
06 12 2010 126
14 2 2021
2 3014
10 11 2006 77
2019 611359
9 7 2020
09 10 2014 11 00
08 04 2017
90 216 531 30 00 1021
11 06 2010 80
08 02 2008 15
36
24 5 2018
13 10 2008 246
10 04 2018
10 04 2008 123
06 07 2007 84
15 4 2016
2012 3396
12 10 2020
14 06 2001 24
18 9 2021
13 5 2021
24 2 2017
2 8 2012
2014 33249
21 5 2012
03 11 2011 151
07 01 2005 6
4 1 3
2013 85493
2 2 2020
15 07 2021
03 07 2012 10 00
5 10 2017
3 2 2020
14 3 2016
2014 1886
3 8 2012
07 11 2007 106
27 04 2019
2 9 2013
06 04 2016 40 44
1 12 2009
22 100
07 03 2008 28
2020 17
04 12 2013 156
06 10 2006 68
17 7 2017
16 06 1999 30
08 06 2012 74
22 5 2017
2019 18520
05 11 2008 254
26 2 2016
156
91
01 11 2012 11 30
21 00
5 065
04 05 2011 56
2014 58690
16 2 2021
23 5 2013
15 2 2012
06 06 2008 190
14 11 2005 11
2013 136979
12 11 2014
19 6 2015
06 12 2006 81
16 6 2010
12 3 2020
09 04 2012
22 02 2011
5 2 0 3 34 40 6 6
216 632 42 52 161 162
04 09 2013 107
29 11 2018
17 656 50
2017 102325
24 09 2013
05 05 2010 51
29 3126
07 02 2013 10 00
27 02 2020 11 00
22 06 2015
19 06 2020
394 4484
21 03 2017
298 00
15 2 2017
159 660 00
123 272 40
05 12 2012 209
21 05 2018 11 30
12 4 2010
25 10 2020
4 11 2013
04 02 1998 5
18 1 2015
36 3131 1
2014 159786
7 11 2009
08 03 2013 33
25 8 2021
18 06 2021
06 12 2012 14 00
03 03 2021 17 18
22 04 1996 96
06 11 2020
444 0 875 2810 2811
05 12 2012 187
11 4 2021
19 12 2017
08 06 2007 65
90 216 351 85 33
05 07 2019
90 216 382 62 31
2012 4453
14 4 2020
17 08 2012
02 01 2006 1
07 12 2012 211
11 01 2013 11
11 3 2014
07 10 2011 131
05 12 2012 175
20 02 2021
08 02 2008 17
23 11 2009
2 246 38
7 1
1 250
10 04 2008 127
24 12 2019
6 1 2020
25 5 2020
5 4 2010
4 21
16 4 2015
18 3 2021
10 04 2008 114
20 05 2021 10 00
9 10 2012
02 04 2012 10 00
05 09 2020
08 07 2020
28 5 2010
4 3 3
09 06 2020
04 12 2013 155
2 5 2016
05 12 2005 84
165
24 5 2021
17 6 2020
07 12 2019
05 02 2021
10 09 2014
5 5 2010
216 324 23 35
0212 424 01 08
11 02 2011 16
21 8 2017
3 54
2021 223507
06 03 2013 26
0 01754387
10 3014 1
2018 442373
08 06 2007 61
09 05 2007 46
2020 18
10 04 2008 109
1 8 2021
05 12 2012 188
2 0
26 07 2012 10 00
10 02 2011
05 10 2019
2019 686062
06 01 2005 2
2 12 2016
480 204 00
11 06 2010 82
18 5 2020
4 11 2015
9 3 2021
05 05 2006 39
90 216 382 56 02
25 8 2017
12 01 2017
28 06 2018
03 10 2012 117
07 12 2016 99 110
6 132 527 75
05 03 2019
23 1 2019
23 09 2013 10 30
12 06 2016
02 07 2013 82
26 2 2021
24 3 2010
394 54 64
30 10 2017
24 12 2013
90 216 381 12 99
11 11 2016
21 1 2020
30 10 1996 96
1860
19 3 2013
0530 917 56 02
28 12 2019
24 06 2013 10 00
2014 132975
14 11 2017
05 11 2008 255
709
30 10 2020
09 10 2019 76 86
17 07 2012 10 00
2015 135087
03 07 2013 92
05 12 2012 179
14 7 2020 16 57 00
0535 462 57 05
16 2 2015
03 12 2020
90 216 335 51 18
0 212 467 19 64
17 6 2021 11 57 00
4 8 2020
4 3 4 1
07 09 2010 104
2018 311562
444 19 84
22 02 2013 10 00
14 279 25
14 01 2020
06 01 2020 1
278 496 000 00
90 216 531 30 00 1071
18 06 2004 39
07 05 2008 147
09 04 2008 69
4 5 6
05 05 2010 49
2019 372626
10 11 2020
10 07 2009 60
12 08 2021
21 8 2009
17 12 2019
21 01 2019
08 01 2010 5
2018 530240
08 01 2018
6 5 2017
2014 34921
6 765
18 6 2019
28 02 2019 14 00
477 65 94
458 19
590 45
05 12 2012 181
08 06 2011 87
08 01 2020 2 8
24 3121
07 10 2021 11 15
19 1 2015
2012 150083
4 15
2014 151096
26 12 1997 63
25 02 2018
1979
13 2 2019 16 46 00
2012 31017
21 5 2021
10 04 2008 119
3 50
12 11 2017
09 12 2011 162
08 04 2021 31
13 5 2013
03 06 1998 33
8 4 2015
2165705000 1747 2165809914
6 12 2017
08 07 2020 25 43
1960 19 834
24 11 2015
6 7 2015
18 8 2017
20 06 2010
01 11 2012 09 30
212 601 0163
2012 63061
16 12 2020 11 01 00
12 7 2018 14 20 00
467 19 00 1104
13 8 2020
12 11 2018
13 4 2021 16 39 00
2018 105291
03 10 2012 114
30 05 2019
2016 194764
19 1 2019
21 7 2020
08 11 2006 79
07 09 2005 60
19 1 2020
24 04 2008
0 216 394 40 94
131
2018 621804
524
393 8080
23 12 2016
106
2000 85
0 212 600 50 00
12 12 2012 14 00
17 12 2015
09 07 2008 209
2021 368143
09 02 2007 26
1 040
0 212 863 05 55
25 2 2020
20 4 2020
2020 358
17 6 2021 11 56 00
08 12 2006 85
139
2020 17463
2200075900
07 10 2011 133
2016 135086
05 07 2006 58
21 02 2020
31 1 2019
20 1 2020
2021 459129
70 076 00
10 12 2010 140
12 6 2021
15 9 2011
29 7 2009
05 05 2010 45
25 04 2020
14 07 2020 11 00
7 00
4 3
19 04 2018
10 1 2014
2016 955
08 03 2013 36
17 02 1999 8
16 11 2011
07 10 2020 57 67
2016 473943
1990
939
2011 172058
20 02 2020
1014
28 4 2014
49 714 137 19
2013 50492
19 8 2011
09 04 2010 39
4 10 2020
03
08 07 2005 54
07 02 2005 10
19 01 2007
30 03 2017
15 8 2012
16 11 2020 09 18 00
1935
16 6 2011
18 8 2011
23 09 2019
2014 137128
3 12 2013
08 01 2010 6
08 11 2013 147
12 2 2010
18 2 2011
14 7 2020 17 03 00
9 12 2010
4 3 2 2
2014 2508
15 3019
4 10 2012
19 08 2015
10 10 2017
384 120 00
01 11 2013 10 00
7825
09 01 2009 9
4 7 2021
9 445 609 80
31 3 2016
10 7 2014
19 4 2017
20 05 2013 10 00
28 8 2020
7 5 2020
24 5 2013
90 216 443 56 00 1386
05 10 2011 126
27 03 2020
28 12 2017
24 02 2018
19 6 2019
444 0 875
4440906 2301 2165814778
2018 434541
2012 53269
4 193 60
19 10 2020 10 03 00
21 3 2016
29 01 2016
24 08 2012 10 00
90 216 443 56 00 1591
02 09 2021
28 05 2021 11 00
08 05 2019 39 52
31 3 2021
22 6 2018
5887
1990 19 413
18 06 2004 33
9 5 2013
30 09 2021
02 08 2012 14 00
158
20 06 2002 41
01 07 2015
7 4 2019
20 1 2016
01 09 2014 107
14 02 2002 18
12 08 2015
7 2 2011
14 10 2018
14 11 2005 81
08 07 2013 10 00
90 216 382 32 23
29 9 2016
86 87 88 89 90
26 35
2012 150964
2012 50587
2018 04 02
6005
1 10 2010
4 39
1950
11 2 2021 15 06 00
22 2 2020
2014 4340
28 4 2018
31 12 2012 09 00
258 560 00
05 05 2006 44
04 05 2011 54
09 04 2008 65
19 1 2016
11 7 2021
2012 154526
2012
90 216 531 30 00 3801
26 05 2017
07 12 2012 14 00
10 04 2008 118
2017 342283
26 7 2020
18 02 2000 40
17 01 2020
05 12 2005 83
06 02 2008 11
10 04 2008 122
05 12 2012 167
06 11 2019 89 99
2020 107229
2016 404980
08 03 2013 37
2000
16 06 2004
1983
25 8 2020
04 06 2001 16
423 4242
13 02 2001 3
6 2 2020
04 10 2006 71
2012 19554
20 10 2003 45
10 09 2020
2019 284033
92000
19 11 2019
04 09 2013 113
2018 194360
08 06 2012 62
13 6 2015
3 8 2020
6 2 2011
2 1 2021
23 3 2010
90 216 382 60 06
13 5 2020
09 01 2009 14
766 767
06 01 2010 3
326 884 80
20 9 2010
27 8 2018
660
15 07
08 11 2013 148
12 01 2007 7
11 06 2004 30
03 09 2008 229
05 12 2012 142
06 10 2015
2014 19836
08 01 2021
14 5 2019
2021 285802
1019
26 3 2010
08 06 2011 89
31 10 2011
27 5 2010
3 1 2019
11 08 2020
07 04 2018
07 09 2007 93
13 1 2021 10 45 00
5 6 7
06 03 2013 28
01 09 2018
1 10 2018
4 4 2017
14 3 2021
85
07 03 2012 19
09 09 2005 66
7490
5 19
2012 63879
15 5 2018 11 45 00
2012 118295
02 08 2019
06 06 2012 61
03 08 2017
15 2 2021
14 6 2010
17 4 2020
10 11 12
07 06 2002 26
8 26
25 06 2020
18 11 2005 79
11 06 2019
5 11 2019
119
13 8 2011
90 216 443 56 00 1626
6040
28 2 2021
07 05 2003 14
22 10 2019
19 07 2019
1964
20 10 2003 46
7 11 2019
28 02 2019 11 30
09 10 2021
03 12 2019
19 06 2003 34
09 00 18 00
30 8 2017
17 00 11
22 08 2020
31 08 2016
27 07 2012
06 11 2009 99
0 212 414 97 00
24 01 2021
2014 37914
90 216 381 11 12
04 03 2009 18
2016 4370
31 05 2010
3 6 2020
19 02 2020
0532 668 67 55
02 06 2016
22 12 2018
23 3 2016
10
28 02 1997 20
31 8 2016
22 09 2020
6 3 2014
19 03 2012
36 37 38 39 40 41 42 43 44
03 11 2011 143
18 03 2017
18 10 2001 48
444 1 722
7 9 2016
11 8 2015
28 05 2012
2010 533790
3 52
13 10 2008 245
80 100
6 1 2019
14 00 15 00
8 3 2010
25 6 2011
18 4 2014
29 11 2019
10 12 2009 109
16 08 2021
08 02 2017
06 07 2007 80
40 3134
16 1 2021
02 05 2016
6020
06 06 2012 59
9 5 2021
2014 2019
13 03 2021
06 01 2006 12
07 07 2021
05 12 2012 203
9 8 2017
0212 611 41 11
01 04 2013 42
26 5 2021 15 25 00
8 1 2015
31 8 2012
90 216 382 62 72
09 10 2009 86
5 6 2014
7 6 2011
2020 76
04 06 2021
09 10 2014 14 00
20 09 2017
310 00
17 4 2014
2012 47892
18 09 2001
11 09 2009 78
06 07 2005 56
2013 91505
22 11 2013
15 05 2018
02 11 2000 34
03 03 2010 21
04 05 2005 28
30 8 2020
06 07 2005 46
0212 508 5744
1 6 2015
5 12 2010
12 1 2016
14 7 2016
27 6 2012
1 7 2015
07 11 2008 259
05 06 2006 53
09 10 2009 90
16 02 1998 1
03 03 1997 23
31 7 2012
12 02 2016
22 1 2018
06 02 2019 19 20
0533 713 1920
05 12 2012 147
27 2 2011
02 11 1998 59
19 3116
2013 77372
10 04 2008 96
09 04 2008 88
19 06 2018 10 00
8735
2018 45253
20 10 2020
08 06 2011 79
10 4 2012
05 02 2001 1
06 03 2010
16 07 2013
25 6 2019 10 52 00
2015 49521
11 04 2008 133
2012 82706
04 05 2011 61
80 201 00
16 8 2019
06 06 2012 57
14 05 2021
09 04 2004 6
41 3135
14 3 2017
2 11 2017
28 9 2019
03 02 2010 10
8 1 2020 14 10 00
23 07 2019
07 02 2007 9
19 02 1997 9
11 03 2011 27
2012 17240
0532 712 10 39
5 12 2018
29 06 2020
1 7 2014
16 00 17 00
5 235
20 5 2017
8 8 2021
23 44
04 2011
06 09 2013 123
27 05 2017
13 7 2020 11 52 00
08 04 2008 45
22 3 2021
09 09 2009 71
4734
05 12 2012 171
08 04 2008 59
7 8 2013
24 8 2009
3 12 2020
2016 448654
24 1 2020
27
03 04 2017
10 9 2015
22 9 2016
28 05 2018 10 00
16 06 2017
06 11 2013 140
18 02 1998 14
2012 39931
12 02 2004 2
4 06
4 16
25 7 2017
6 3 2012
101
08 08 2012 86
2015 23 28
07 02 1996 95
68
01 01 2009
24 9 2020
21 4 2011
17 7 2019
18 06 2002 29
23 8 2012
2 760
18 11 2014
90 216 381 10 22
07 04 2021 23 30
25 10 2019
05 12 2012 169
2 8 2021
90 216 443 56 00 1144
16 06 2003 26
2019 86303
15 2 2011
1996
06 12 2013 161
3 910
02 02 2013
23 9 2017
17 02 2003 5
23 2 2018
02 07 2013 90
29 9 2021
12 9 2018 16 51 00
7 7 2010
03 02 2012
2012 89575
26 12 2019
28 09 2016
02 07 2013 73
2010 571357
58
02 06 1999 26
17 1 2019
16 2 2019
10 8 2020
20 06 2002 20
2011 196212
11 02 2011 17
2021 212869
16 02 2009
16 3 2021
23 10 2018
06 01 2005 3
06 06 2008 195
23 6 2017
30 04 2013
15 5 2018 11 44 00
06 05 2009 33
1 516 944 00
201 620 00
22 4 2010
525 350 00
2015 84372
07 03 2005 0
09 07 2008 197
27 10 2017
21 9 2020
5 10 2015
01 03 2018
17 07 2011
11 11 2010
12 7 2019
2012 102424
0 212 883 24 25
2012 86999
05 12 2012 208
10 08 2020
26 01 2019
19 02 1997 8
05
12 9 2019
02165705000 1221 02166870767
37 3132
19 09 2017
3 5 2018
2015 115188
09 07 2008 199
18 9 2018
23 05 2014
11 2 2021 15 05 00
2012 89491
212 598 6350
4 9 2010
2019 460593
2013 179970
16 12 2018
24 5 2017
28 04 2015
1053 643 44
09 04 2008 78
4 1 1
03 04 2006 30
15 11 2018 16 12 00
6130064947
0 216 395 4450
83
27 1 2011
2010 14 221
09 02 2011
9 8 2020
08 07 2009 49
06 06 2012 56
27 05 2015 15 00
04 05 2011 57
85 86 87
15 03 2021
09 12 2009 101
12 10 2010 117
14 06 2001 10
05 09 2011 104
1 235 70
10 07 2009 59
18 06 2004 38
06 06 2003 16
07 11 2012 130
18 06 2004 35
2013 106179
1 2 3 4
14 06 2001 5
2020 2019
09 12 2009 105
270 669 60
28 02 2018
27 04 2016
90 216 531 30 00 3301
30 5 2021
2015 149058
01 11 2018
08 10 2021
08 06 2018
13 03 2006
09 09 2021
08 04 2008 46
25 1 2021
16 11 2020
03 03 2010 16
25 08 2017
23 5 2017
31 05 2020
2019 646434
8 7 2020
537 23 75
07 04 2011 42
28 5 2015
20 05 2021 11 00
30 9 2016
9 5 2014
10 6 2015
08 08 2012 83
03 11 2010 119
11 01 2008 7
21 3 2019
10 05 2013 11 00
2019 190048
2019 734
03 04 2012
19 02 1997 10
04 07 2007 77
25 05 2019
07 05 2008 146
10 10 2021
15 01 2020
1 3 1
09 09 2005 0
04 02 2020
7988
27 09 2012 10 00
2014 139233
01 09 2021
22 8 2009
2015 81169
16 5 2011
27 5 2011
07 07 2020
14 10 2009 92
03 12 2020 11 10
14 1 2016
06 06 2018 61 66
2165705000 2166870797
08 06 2020
18 06 1997 31
3194
27 11 2017
4 26
08 10 2008 237
16 050
10 7 2013
06 04 2012 40
6 10 2010
14 02 2020
18 11 2017
06 06 1997 27
4 1 2017
29 03 2012 10 00
2012 126886
26 1 2012
16 07 2018
10 10 2008 243
90 216 351 88 50
19 02 2018 10 00
07 11 2019
2017 598209
21 5 2017
1 3001
30 11 2020
15 08 2012 10 00
19 4 2012
2019 138233
2011 189251
2015 173552
07 12 2011 156
01 10 2012 10 00
12 8 2021
05 12 2018 117 126
09 05 2012 42
07 05 2010 55
2018 368851
7
04 05 2011 59
08 04 2008 62
11 10 2004 43
04 05 2011 60
3
3 8 2018
25 11 1998 75
13 6 2016
7 3 2015
02 09 2020
13 2 2011
08 03 2018
19 1 2021
1 7 2020
19990000 00
0212 482 4109
2013 175649
171 286 65
2013 116983
13 9 2011
4 6 2021
2019 484
17 6 2014
1972
28 08 2012 10 00
10 30
06 06 1997 25
2018 551738
04 01 2018
8939
18 02 2020
2020 75
90 216 443 56 00 1137
2018 269627
08 03 2017
90 216 531 30 00 2801
1 374 57
20 07 2011
2 12 2018
30 07 2021
20 2 2012
2012 140196
05 05 2010 44
680
16 12 2017
9 12 2019 13 00 00
18 06 2004 19
17 12 2018
02 07 2013 75
09 09 2011 119
06 03 2013 32
2007
29 01 2011
03 05 1999 15
08 05 2009 35
27 6 2014
10 2 2018
0212 572 20 70
03 11 2011 152
31 5 2013
13 04 2021
07 04 1999 10
165 409 20
1 9 2020
16 11 2017
10 7 2016
0212 611 8562
2010 531197
07 07 2006 56
23 09 2005
8 9 2010
564 06 64
25 11 2015
13 11 2013 10 00
06 04 2009 23
02 12 2016
200 00
1890
15 12 2019
24 12 2012
09 06 2010 71
07 05 2010 56
19 04 2012 10 00
10 07 2009 58
28 02 1997 19
90 216 351 12 11
2018 32612
2015
03 11 2020
07 07 2008 196
2012 193455
08 06 2012 75
27 2 2014
19 5 2012
8 3 2016
2164440906 2165814778
90 216 328 28 86
3 46
16 06 1999 16
25 10 2013 10 00
9 11 2017
30 1 2012
16 11 2018
04 12 2013 157
22 07 2013 11 00
04 11 1998 73
10 12 2009 111
94
03 11 2014 14 00
13 4 2010
10 10 2013
04 04 2007 36
09 10 2009 87
3 59
31 05 2018
2018 65300
90 216 531 30 00 2001
17 11 2015
22 07 2014
0530 919 50 00
08 03 2013 34
06 01 2006 9
08 12 2020
8 3 2019
08 07 2009 54
13 6 2021
18 12 2018 11 30
28 10 2017
14 01 2014
100
04 04 2012 36
1 1
10 04 2008 110
19 06 2003 36
1 9 2018
2015 5107
08 08 2012 80
2013 74746
29 11 2013
17 5 2019
1 12 2016
6 11 2016
27 5 2019
19 11 2012
27 7 2009
5 11 2015
90 216 523 72 22 90 216 531 30 00
28 2 2014
07 11 2012 126
2011
11 1 2018
533 570
444 4 360 8020 8021
16 20
10 10 2011
27 07 2021
2020 765
16 07 2011
46
05 11 2008 253
15 7 2011
2010 552640
7 9 2013
2014 1193
3 10 2020
25 4 2021
2018 117831
2011 53433
9060060226
05 12 2012 166
31 03 2021
6 4 2010
7 5 4
2 5 2021
2016 267363
2019 546387
07 02 2012
27 09 2021
09 04 2008 80
691 83
22 3 2017
18 09 2017
24 1 2018
12 2 2021
8 2 2016
18 09 2011
25 11 1998 78
03 04 2013 46
19 06 2003 37
20 04 2011
05 06 2006 54
10 10 2020
09 02 2021 11 00
5 6 2021
4 1 2018
22 4 2021
11 09 2009 77
12 6 2017
2014 143322
26 10 2015
15 02 2002 19
11 1 2010
4 3 2019
07 03 2007 30
06 05 2009 32
0532 315 81 13
2013 138091
19 02 2018 13 30
2013 48154
25 6 2014
03 05 2017
10 9 2021
26 01 2020
15 10 2010
15 11 2020
2015 65758
9 11 2020
05 11 2007 102
0212 562 1740
06 12 2013 163
05 11 2008 250
09 09 2011 123
09 03 2011 22
19 05 2019
07 04 2011 53
16 6 2016
09 10 2014 10 00
2011 81805
14 06 2001 26
10 2 2016
16 8 2021
2019 256640
124
06 08 2010 96
2018 166409
2021 251371
01 10 2019
15 6 2012
754 14
2017 351242
13 4 2015
16 11 2020 09 19 00
26 06 1996 95
2012 66300
21 1 2016
05 08 2011 98
28 3 2016
06 09 2006 62
26 10 2020
2015 47961
21 10 2016
4 9 2018
2012 138721
0535 714 23 75
09 07 2008 201
18 1 2016
2016 528404
14 12 2015
11 10 2013 136
10 07 2008 218
90 216 531 30 00 1701
08 01 2010 7
19 03 1999 1
20 6 2016
24 6 2016
26 4 2018
11 5 2018
2012 164059
25 12 2019
4 7 2019
26 08 2013 10 00
27 3 2019
2016 2017
1 10 2020
21 25
11 9 2017
1188 1774 75
11 4 2016
20 4 2011
16 03 2018 11 30
0212 430 1262
20 9 2021
15 06 2017
8 12 2011
2018 532379
14 6 2019
05 03 2010 28
28 06 2013 10 30
5 12 2020
90 216 381 47 75
12 5 2019
07 11 2012 129
4 12 2020
04 10 2018 101 102
20 10 2014
6 11 2018
2018 581814
18 4 2019 15 03 00
16 4 2014
24 02 1997 18
13 7 2012
578 675 00
2020 940
20 11 2013 10 00
10 11 2016
13 2 2019
13 3 2011
28 11 2018 13 30
22 02 2020
09 04 2008 68
66
18 02 1998 13
01 07 1996 96
03 06 2015 61 78
21 3 2010
15 1 2018
09 05 2008 173
16 9 2015
0 212 883 34 87
4 3 2 1
2012 16684
772 225 00
56
09 04 2008 94
4 4 2016
08 05 2019
32
1970
90 216 382 62 12
0 216 610 17 13
07 05 2008 148
13 12 2010
13 9 2021 16 37 00
05 12 2012 206
26 4 2010
09 01 2013 6
2014 113252
05 12 2012 205
05 01 2018
4 2 1
12 394
2 4 2012
03 10 2012 115
3 3008
10 04 2008 99
09 07 2012
85 174 80
19 12 2019 11 00
13 1 2020
2014
2020 101076
14 10 2009
21 09 2017
27 1 2014
4 3009
16 5 2012
07 05 2008 150
20 5 2016
05 09 2016
03 10 2012 116
9 2 2017
08 06 2011 76
11 02 2021
13 10 2008 244
25 7 2009
10 1 2019
9 6 2019
07 11 2007 105
6 9 2020
2 11 2011
8 9 10
8 9 2020
1941
0212 411 08 10
2 371 45
14 12 2013
12 7 2013
2016 760
10 8 2010
21 3 2020
17 5 2012
20 06 2002 7
17 9 2019
01 06 2020
2012 20926
18 11 2005 80
04 04 2012 35
07 09 2011 114
90 216 443 56 00 1117
2 5 2014
21 6 2010
06 05 2009 31
07 12 2005 82
16 06 1999 35
08 02 2008 20
05 12 2012 152
05 12 2007 113
2011 131520
17 11 2020
25 08 2019
01 09 2021 11 00
22 10 2005
08 02 2008 16
07 09 2011 105
2014 133618
29 5 2019
03 02 2021
06 06 2012 49
0 212 868 21 53
02 07 2013 83
13 2 2018
4 3 1 1
09 09 2009 72
17 8 2020
29 3 2019
2011 119533
5 2 2010
05 12 2012 182
06 01 2016 2 10
24 10 2014
0 212 567 94 50
90 216 382 61 05
0532 661 3682
11 11 2013 10 00
11 09 2009 76
07 05 2003 12
2012 58326
10 3 2021
08 03 2006 25
10 02 1999 2
1980 18 232
04 03 2009 17
07 04 2006 38
06 12 2017 86 105
18 600 00
14 04 2021
11 3 2019
83 84 85
0532 234 35 84
2021 09 30 14 14 00
04 11 2003 58
16 06 2016
1988
1 2 1
2018 102409
02 01 2014 10 30
09 03 2007 33
07 2015
15 3 2018
11 12 2019
245 246
05 08 2011 99
08 08 2012
19 03 2010
30 1 2017
1 12 2010
22 12 2011
3 870
2013 48078
17 05 2012 10 00
1938
11 04 2008 135
4 1 2
281
16 5 2019 11 19 00
06 07 2007 85
181 182
11 6 2021
2013 13739
2981 3290 3366
19 03 2014
23 08 2012 10 00
6 3 2013
26 3 2019
26 3 2021
10 9 2020
30 08 2021
02 12 2013
11 03 2020
90 216 335 29 87
8561
07 01 2020 11 00
03 05 2011
90 216 381 55 94
2015 40638
15 5 2018 11 43 00
05 12 2012 200
31 10 2019
20 7 2021
09 02 2011 9
16 10 2018
16 03 2018 10 00
16 2 2010
11 13
6 7 2017
20 3 2011
01 04 2016
08 30 12 30 13 00 17 00
2029
18 10 2001 36
28 04 2016
06 01 2010 4
1021 1612
05 04 2006 35
14 12 2012 10 00
4 4 2012
29 5 2014
7 5 2018
10 07 2009 61
05 03 2008 24
90 216 382 59 71
90 216 351 90 35
05 05 2010 48
07 09 2011 110
11 02 2002
02 04 2021
15 06 2019
12 01 2000 31
6 5 2019
08 04 2008 56
07 01 2019 1 3
1 215 500 00
05 03 2010 24
16 5 2019 11 18 00
2017 108292
45
2012 21929
2012 194228
23 12 2013
25 10 2001 41
28 07 2021
02 06 1999 25
7 3 2018
2004 96
16 4 2018
09 06 2010 73
216 5705000 216 5777713
392 1247
3001
110
11 9 2019
07 07 2009 20 08 2010
20 10 2010
2011 89546
05 09 2018 83 93
06 11 2013 141
0212 430 1008
07 01 2020 11 20
18 05 2021 10 00
24 02 1997 17
2010 567207
16 03 2012 11 47 00
13 05 2013 10 00
16 9 2011
2012 172677
3 38
18 06 2002 28
15 10 2012
90 216 531 30 00 1201
11 8 2017
11 10 2021
09 06 2010 62
14 02 2002 10
27 05 2012
29 03 2010
21 09 2012 10 00
2011 119423
11 6 2018
8 3013
1945
0216 492 54 44
18
3 4 2010
5 7 2019
17 1 2018
3 8 2017
1 11 2019
08 03 2018 10 00
2018 376312
26 11 2020
05 09 2012 106
18 10 2001 37
23 9 2020
6022
15 5 2018 11 46 00
24 04 2016
18 5 2015
14 10 1999 45
06 08 2010 97
25 08 2020
05 12 2012 180
5 8
1 7 2016
09 04 2008 63
29 1 2011
90 216 443 56 00 1649
2021 463520
3 25
24 5 2016
6 9 2018
00 00 03 04
90 216 443 56 00 1434
10 02 2020
05 06 2008
08
02167011450
6 4 2021 14 37 00
06 05 2005 0
1973
19 11 2020
25 9 2021
2021
25 4 2015
30 11 2015
19 10 1999 39
24 3 2018
08 11 2006 75
07 01 2021
07 06 2001 27
30 05 2020
1 6 2020
06 11 2013 139
19 2 2010
2013 66582
08 12 2010 131
04 07 2007 70
9 7 2021 14 08 00
09 00 21 00
25 6 2021
18 08 2021
25 1 2013
12 9 2014
00 00 01 59
2019 417
2014 2000
19 4 2016
21 3 2012
27 1 2020
11 10 2011
29 9 2015
26 7 2019
04 01 2006 6
28 2 2018
21 11 2018 11 30
11 04 2008 130
28 06 2018 11 30
15 4 2021
7 4 2018
6 9 2017
4 6 2010
16 02 1998 11
5 10 2019
14 09 2020
08 06 2011 83
1950 15 405
01 01 2021
27 2 2020
05 03 2010 25
284
11 6 2011
06 02 2008 13
25 09 2020
18 2 2010
11 10 2012 14 00
0212 61 1 85 62
109
06 04 2012 38
15 3 2021 10 42 00
04 04 2011 36
07 12 2012 217
19 11 2015
27 11 2019
2018 307869
10 05 2013 67
2016 218653
2018 556791
2 7 2020
90 216 443 56 00 1366
23 06 2021
12 10 2010 118
90 216 382 60 44
03 06 1998 28
05 12 2012 144
11 04 2008 136
660 500 45
19 9 2016
07 01 2009 4
07 03 2012 22
1982
25 11 1998 79
15 3 2021 10 38 00
4 6 2020
147
23 10 2010
7 5 2012
14 9 2015
444 0 411
2012 159504
14 10 2003 42
04 12 2019
16 06 1999 33
06 06 2008 189
06 10 2008 235
2019 499148
2018 668176
6 2 2018
20 10 2003 51
5 8 2021
11 10 2019
15 11 2019
16 12 2020 10 55 00
20 9 2013
24 1 2013
893500 119508150
2021 176614
14 8 2012
27 3 2014
18 6 2018
05 08 2013 10 00
02 02 2021
3 49
2 12 2017
17 09 2004
6 8 2018
2018 408684
14 12 2020
04 09 2013 106
11 05 2021 10 00
9 2 2010
2165705000 2165777713
09 01 2008 2
04 2014
5 5 2018
2013 62465
07 04 2011 45
5 3 2013
2013 68846
0536 325 81 58
26 10 2018
09 04 2008 91
2 8 2016
1130 1718
8 1 2021
87
2021 457563
13 4 2021 16 37 00
26 7 2021
04 09 2013 105
13 07 2016 57 65
17 10 2018
2011 83415
453 55 48
08 04 2008 43
12 10 2000 28
2002 2004
11 1 2021 12 39 00
12 1 2020
18 9 2015
09 09 2009 74
2003
0 040935673
29 05 2019
07 05 2008 161
2012 3966
13 9 2021 16 35 00
08 04 2005 25
23 2
24 3 2019
5 4 2018
2014 125740
12 08 2011 26 08 2011
90 216 443 56 00 1481
06 10 2019
11 05 2021
48
186
330
11 7 2018
24 05 2004 10
11 2 2021
8 11 2020
10 04 2008 112
1969
01 12 2018
1 2 2
02 09 2018
2 8
7 2
6 5 2010
17 11 2014
07 01 2009 6
90 216 381 40 40
2017 110715
24 05 1999 23
11 02 2002 17
06 04 2015 21 22
05 2014
07 04 2010 35
29 06 2015
23 4 2021
25 06 1998 41
06 03 2013 30
05 04 2006 32
18 08 2012
09 01 2008 3
1967
17 02 2003 2
2017
07 10 2009 83
09 09 2005 67
18 12 2018 10 30 18 12 2018 13 30
19 00
22 10 2018
32 694 37
13 9 2019 16 20 00
26 1 2016
6 4 2015
1927
1928
18 2 2020
17 04 2016
13 3017
09 05 2008 174
10 10 2019 86 88
03 07 2013 96
08 12 2010 129
29 06 2000 23
24 2 2021
11 06 2012 10 00
09 07 2008 211
2013 58969
21 08
19 8 2015
14 10 2021
03 08 2018
9 11 2009
08 08 2012 84
12 06 2018 10 00
21 06 2017
9 9 2011
8 6 2016
11 05 2007 51
02 03 2018 11 00
8 4 2017
216570500 2165777713
17 360 25
04 10 2006 74
7790
27 3 2010
26 9 2019
18 04 1998 100
25 07 2013
07 09 2011 108
20 10 2004 49
7 3 2021
14 7 2020 17 05 00
20 06 2019
28 1 2011
08 00 19 00
05 09 2012 108
09 04 2008 93
5 5 2020
06 01 2019
07 04 2010 33
7 10 2017
22 07 1997 44
06 05 2011 65
06 07 2020
06 12 2019
12 2 2020 15 30 00
24 12 2018
18 12 2012 10 00
16 06 2004 20
03 03 1997 22
2014 87172
05 04 2010 30
27 2 2013
1923
14 09 2021
11 9 2014
30 04 2005
03 12 2004
27 5 2013
670
13 11 2019 11 28 00
14 03 2021
18 01 2019
16 4 2020
09 06 2010 65
38
10 04 2008 101
22 5 2018
0216 553 97 30
05 08 2021
13 1 2010
4 4 1
08 02 2013 20
28 05 2015
26 07 2019
12 9 2020
2017 415
00 00 09 11
2014 75085
90
09 04 2008 71
1 340 83
90 216 351 84 04
8 5 2018
90 216 351 84 32
23 02 2020
28 12 2010
11 04 2008 132
1 3011
2016 171086
24 02 2014
15 06 1998 18
2006
184 00
0 216 508 20 72 79
24 10 2020
07 11 2018 103 115
25 11 2010
03 09 2008 228
17 02 2003 8
03 08 2011 92
27 8 2011
20 10 2019
29 12 2020
10 12 2010 134
2017 94588
2011 125090
22 3119
444 9 822
08 05 2013 52
12 13
19 06 1998 34
444 09 39
09 06 2010 74
14 10 2016
3 5 2012
11 12 2013
14 11 2018 10 30 14 11 2018 13 30
1 3 2017
20 5 2018
16 5 2017
04 11 2009 95
21 06 2008
29 5 2013
07 10 1996 96
10 12 2010 141
04 04 2012 34
08 02 2012 9
09 10 2009 89
06 06 2005 43
07 03 2021
14 10 2014 10 00
1 3 2016
18 07 2016
2009 69
22 10 2004 55
09 02 2011 11
24 8 2021
21 02 2018
18 39
18 6 2020
03 11 2011 138
07 04 2010 34
11 7 2013
04 05 2009 29
13 12 2017
16 3 2019
16 00
30 1 2018
90 216 443 56 00 1751
538 612 85 48
22 08 2019
2018 586889
2016 200131
90 216 381 13 06
04 01 2012 4
15 9 2021
08 05 2017
22 07 1997 43
216 612 48 90
07 05 2012 10 00
6 10 2011
07 11 2012 121
